id,listingType,url,price,tagClassName,tagText,date,street,suburb,state,postcode,lat,lng,beds,baths,parking,propertyType,propertyTypeFormatted,isRural,landSize,landUnit,isRetirement
2018134153,listing,/6-jim-way-paynesville-vic-3880-2018134153,Price Withheld,is-sold,Sold by private treaty 27 Feb 2023,20230227,6 Jim Way,PAYNESVILLE,VIC,3880,-37.90651,147.707611,4,4,4,House,House,False,546.0,m2,False
2018351497,listing,/51-slip-road-paynesville-vic-3880-2018351497,Price Withheld,is-sold,Sold by private treaty 02 Mar 2023,20230302,51 Slip Road,PAYNESVILLE,VIC,3880,-37.91327,147.727982,3,3,3,House,House,False,896.0,m2,False
2017580830,listing,/lot-2-17-slip-road-paynesville-vic-3880-2017580830,Price Withheld,is-sold,Sold by private treaty 23 Feb 2023,20230223,"Lot 2, 17- Slip Road",PAYNESVILLE,VIC,3880,-37.9160042,147.726685,NaN,NaN,NaN,VacantLand,Vacant land,False,560.0,m2,False
2018079945,listing,/5-alice-court-paynesville-vic-3880-2018079945,Price Withheld,is-sold,Sold by private treaty 22 Feb 2023,20230222,5 Alice Court,PAYNESVILLE,VIC,3880,-37.9060059,147.707581,4,4,4,House,House,False,675.0,m2,False
2018141053,listing,/4-65-newlands-drive-paynesville-vic-3880-2018141053,Price Withheld,is-sold,Sold by private treaty 23 Jan 2023,20230123,4/65 Newlands Drive,PAYNESVILLE,VIC,3880,-37.91776,147.709671,2,2,2,ApartmentUnitFlat,Apartment / Unit / Flat,False,209.0,m2,False
2018147616,listing,/14-fort-king-place-paynesville-vic-3880-2018147616,Price Withheld,is-sold,Sold by private treaty 09 Feb 2023,20230209,14 Fort King Place,PAYNESVILLE,VIC,3880,-37.90671,147.726334,4,4,4,House,House,False,745.0,m2,False
2018177238,listing,/25-ilfracombe-way-paynesville-vic-3880-2018177238,205000,is-sold,Sold by private treaty 23 Jan 2023,20230123,25 Ilfracombe Way,PAYNESVILLE,VIC,3880,-37.9075623,147.720627,NaN,NaN,NaN,VacantLand,Vacant land,False,822.0,m2,False
2018226923,listing,/13-seventh-parade-raymond-island-vic-3880-2018226923,Price Withheld,is-sold,Sold by private treaty 11 Jan 2023,20230111,13 Seventh Parade,RAYMOND ISLAND,VIC,3880,-37.9210625,147.7283,3,3,3,House,House,False,740.0,m2,False
2018244671,listing,/15-ilfracombe-way-paynesville-vic-3880-2018244671,Price Withheld,is-sold,Sold by private treaty 28 Feb 2023,20230228,15 Ilfracombe Way,PAYNESVILLE,VIC,3880,-37.9075623,147.720627,NaN,NaN,NaN,VacantLand,Vacant land,False,940.0,m2,False
2018249563,listing,/16-lara-close-paynesville-vic-3880-2018249563,Price Withheld,is-sold,Sold by private treaty 04 Jan 2023,20230104,16 Lara Close,PAYNESVILLE,VIC,3880,-37.90596,147.716385,3,3,3,House,House,False,836.0,m2,False
2018252577,listing,/58-wellington-st-paynesville-vic-3880-2018252577,Price Withheld,is-sold,Sold by private treaty 31 Jan 2023,20230131,58 Wellington St,PAYNESVILLE,VIC,3880,-37.913826,147.723251,3,3,3,House,House,False,630.0,m2,False
2018252627,listing,/58-fort-king-rd-paynesville-vic-3880-2018252627,Price Withheld,is-sold,Sold by private treaty 03 Feb 2023,20230203,58 Fort King Rd,PAYNESVILLE,VIC,3880,-37.9069672,147.727814,3,3,3,House,House,False,732.0,m2,False
2018253098,listing,/44-king-street-paynesville-vic-3880-2018253098,Price Withheld,is-sold,Sold by private treaty 16 Feb 2023,20230216,44 King Street,PAYNESVILLE,VIC,3880,-37.91494,147.719482,3,3,3,House,House,False,441.0,m2,False
2018256089,listing,/13-gilsenan-st-paynesville-vic-3880-2018256089,Price Withheld,is-sold,Sold by private treaty 07 Feb 2023,20230207,13 Gilsenan St,PAYNESVILLE,VIC,3880,-37.91834,147.713455,3,3,3,House,House,False,1146.0,m2,False
2018257354,listing,/45-eagle-bay-terrace-paynesville-vic-3880-2018257354,Price Withheld,is-sold,Sold by private treaty 16 Feb 2023,20230216,45 Eagle Bay Terrace,PAYNESVILLE,VIC,3880,-37.900444,147.709824,3,3,3,House,House,False,1066.0,m2,False
2018264116,listing,/2-admirals-quay-paynesville-vic-3880-2018264116,Price Withheld,is-sold,Sold by private treaty 19 Jan 2023,20230119,2 Admirals Quay,PAYNESVILLE,VIC,3880,-37.9077759,147.72438,NaN,NaN,NaN,VacantLand,Vacant land,False,1621.0,m2,False
2018267631,listing,/10-aquarius-way-paynesville-vic-3880-2018267631,Price Withheld,is-sold,Sold by private treaty 27 Jan 2023,20230127,10 Aquarius Way,PAYNESVILLE,VIC,3880,-37.9113846,147.725174,3,3,3,House,House,False,916.0,m2,False
2018329106,listing,/28a-schooner-terrace-paynesville-vic-3880-2018329106,1350000,is-sold,Sold by private treaty 06 Feb 2023,20230206,28A Schooner Terrace,PAYNESVILLE,VIC,3880,-37.9107056,147.723145,3,3,3,House,House,False,577.0,m2,False
2018376178,listing,/lot-9-17-slip-road-paynesville-vic-3880-2018376178,Price Withheld,is-sold,Sold by private treaty 23 Feb 2023,20230223,"Lot 9, 17- Slip Road",PAYNESVILLE,VIC,3880,-37.9160042,147.726685,NaN,NaN,NaN,VacantLand,Vacant land,False,576.0,m2,False
2018376179,listing,/lot-10-17-slip-road-paynesville-vic-3880-2018376179,Price Withheld,is-sold,Sold by private treaty 23 Feb 2023,20230223,"Lot 10,17- Slip Road",PAYNESVILLE,VIC,3880,-37.9160042,147.726685,NaN,NaN,NaN,VacantLand,Vacant land,False,618.0,m2,False
2016954540,listing,/lot-97-9-twomey-place-paynesville-vic-3880-2016954540,Price Withheld,is-sold,Sold by private treaty 18 Nov 2022,20221118,"Lot 97, 9 Twomey Place",PAYNESVILLE,VIC,3880,-37.9075623,147.720627,NaN,NaN,NaN,VacantLand,Vacant land,False,815.0,m2,False
2017818593,listing,/25-schooner-terrace-paynesville-vic-3880-2017818593,1175000,is-sold,Sold by private treaty 29 Nov 2022,20221129,25 Schooner Terrace,PAYNESVILLE,VIC,3880,-37.9103,147.723572,3,3,3,House,House,False,1079.0,m2,False
2017948242,listing,/87-newlands-drive-paynesville-vic-3880-2017948242,690000,is-sold,Sold by private treaty 11 Nov 2022,20221111,87 Newlands Drive,PAYNESVILLE,VIC,3880,-37.91665,147.707626,3,3,3,House,House,False,822.0,m2,False
2017962860,listing,/4-burden-pl-paynesville-vic-3880-2017962860,640000,is-sold,Sold by private treaty 20 Dec 2022,20221220,4 Burden Pl,PAYNESVILLE,VIC,3880,-37.9065742,147.7185,3,3,3,House,House,False,983.0,m2,False
2017973292,listing,/21-third-parade-raymond-island-vic-3880-2017973292,660000,is-sold,Sold by private treaty 11 Nov 2022,20221111,21 Third Parade,RAYMOND ISLAND,VIC,3880,-37.92459,147.728165,3,3,3,House,House,False,674.0,m2,False
2018037759,listing,/11-the-moorings-paynesville-vic-3880-2018037759,430000,is-sold,Sold by private treaty 30 Dec 2022,20221230,11 The Moorings,PAYNESVILLE,VIC,3880,-37.9140739,147.722717,3,3,3,House,House,False,615.0,m2,False
2018094531,listing,/lot-94-3-twomey-place-paynesville-vic-3880-2018094531,Price Withheld,is-sold,Sold by private treaty 10 Nov 2022,20221110,"Lot 94, 3 Twomey Place",PAYNESVILLE,VIC,3880,-37.9075623,147.720627,NaN,NaN,NaN,VacantLand,Vacant land,False,823.0,m2,False
2018122179,listing,/lot-113-3-ilfracombe-way-paynesville-vic-3880-2018122179,Price Withheld,is-sold,Sold by private treaty 24 Nov 2022,20221124,"Lot 113, 3 Ilfracombe Way",PAYNESVILLE,VIC,3880,-37.9075623,147.720627,NaN,NaN,NaN,VacantLand,Vacant land,False,1096.0,m2,False
2018123309,listing,/2-30-queen-street-paynesville-vic-3880-2018123309,460000,is-sold,Sold by private treaty 09 Dec 2022,20221209,2/30 Queen Street,PAYNESVILLE,VIC,3880,-37.91503,147.713852,2,2,2,House,House,False,0.0,m2,False
2018131640,listing,/2-jacaranda-dr-paynesville-vic-3880-2018131640,739000,is-sold,Sold by private treaty 25 Nov 2022,20221125,2 Jacaranda Dr,PAYNESVILLE,VIC,3880,-37.90518,147.71463,4,4,4,House,House,False,1066.0,m2,False
2018143096,listing,/18-vaughan-st-paynesville-vic-3880-2018143096,475000,is-sold,Sold by private treaty 14 Dec 2022,20221214,18 Vaughan St,PAYNESVILLE,VIC,3880,-37.9107,147.717667,3,3,3,House,House,False,783.0,m2,False
2018161960,listing,/28-1-5-canal-road-paynesville-vic-3880-2018161960,360000,is-sold,Sold by private treaty 24 Nov 2022,20221124,28/1-5 Canal Road,PAYNESVILLE,VIC,3880,-37.9074936,147.721832,3,3,3,ApartmentUnitFlat,Apartment / Unit / Flat,False,0.0,m2,True
2018176726,listing,/unit-21-5-canal-rd-paynesville-vic-3880-2018176726,375000,is-sold,Sold by private treaty 17 Dec 2022,20221217,Unit 21/5 Canal Rd,PAYNESVILLE,VIC,3880,-37.9066658,147.723022,3,3,3,ApartmentUnitFlat,Apartment / Unit / Flat,False,238.0,m2,True
2018177237,listing,/27-ilfracombe-way-paynesville-vic-3880-2018177237,220000,is-sold,Sold by private treaty 10 Nov 2022,20221110,27 Ilfracombe Way,PAYNESVILLE,VIC,3880,-37.9075623,147.720627,NaN,NaN,NaN,VacantLand,Vacant land,False,837.0,m2,False
2018187027,listing,/18-coast-avenue-paynesville-vic-3880-2018187027,485000,is-sold,Sold by private treaty 07 Dec 2022,20221207,18 Coast Avenue,PAYNESVILLE,VIC,3880,-37.9074478,147.70813,4,4,4,House,House,False,687.0,m2,False
2018189188,listing,/1-1-main-road-paynesville-vic-3880-2018189188,550000,is-sold,Sold by private treaty 02 Dec 2022,20221202,1/1 Main Road,PAYNESVILLE,VIC,3880,-37.91887,147.717773,3,3,3,ApartmentUnitFlat,Apartment / Unit / Flat,False,0.0,m2,False
2018206212,listing,/5-fort-king-place-paynesville-vic-3880-2018206212,845000,is-sold,Sold by private treaty 21 Nov 2022,20221121,5 Fort King Place,PAYNESVILLE,VIC,3880,-37.907608,147.726685,3,3,3,House,House,False,723.0,m2,False
2018213752,listing,/19-queen-street-paynesville-vic-3880-2018213752,500000,is-sold,Sold by private treaty 24 Nov 2022,20221124,19 Queen Street,PAYNESVILLE,VIC,3880,-37.9155121,147.712418,3,3,3,House,House,False,652.0,m2,False
2018217556,listing,/5-3-erickson-lane-paynesville-vic-3880-2018217556,660000,is-sold,Sold by private treaty 29 Nov 2022,20221129,5/3 Erickson Lane,PAYNESVILLE,VIC,3880,-37.9186363,147.721344,3,3,3,ApartmentUnitFlat,Apartment / Unit / Flat,False,0.0,m2,False
2018251881,listing,/2-38-main-road-paynesville-vic-3880-2018251881,320000,is-sold,Sold by private treaty 09 Nov 2022,20221109,2/38 Main Road,PAYNESVILLE,VIC,3880,-37.91607,147.719284,2,2,2,ApartmentUnitFlat,Apartment / Unit / Flat,False,0.0,m2,False
2016706567,listing,/lot-74-king-street-paynesville-vic-3880-2016706567,Price Withheld,is-sold,Sold by private treaty 24 Oct 2022,20221024,Lot 74 King Street,PAYNESVILLE,VIC,3880,-37.9150352,147.718536,NaN,NaN,NaN,VacantLand,Vacant land,False,910.0,m2,False
2016706597,listing,/lot-77-coast-avenue-paynesville-vic-3880-2016706597,Price Withheld,is-sold,Sold by private treaty 24 Oct 2022,20221024,Lot 77 Coast Avenue,PAYNESVILLE,VIC,3880,-37.9076347,147.70845,NaN,NaN,NaN,VacantLand,Vacant land,False,946.0,m2,False
2016706598,listing,/lot-83-7-ilfracombe-way-paynesville-vic-3880-2016706598,Price Withheld,is-sold,Sold by private treaty 01 Nov 2022,20221101,"Lot 83, 7 Ilfracombe Way",PAYNESVILLE,VIC,3880,-37.9075623,147.720627,NaN,NaN,NaN,VacantLand,Vacant land,False,912.0,m2,False
2016846679,listing,/lot-80-coast-avenue-paynesville-vic-3880-2016846679,Price Withheld,is-sold,Sold by private treaty 24 Oct 2022,20221024,Lot 80 Coast Avenue,PAYNESVILLE,VIC,3880,-37.9076347,147.70845,NaN,NaN,NaN,VacantLand,Vacant land,False,946.0,m2,False
2016846682,listing,/lot-79-coast-avenue-paynesville-vic-3880-2016846682,Price Withheld,is-sold,Sold by private treaty 25 Oct 2022,20221025,Lot 79 Coast Avenue,PAYNESVILLE,VIC,3880,-37.9076347,147.70845,NaN,NaN,NaN,VacantLand,Vacant land,False,946.0,m2,False
2016846686,listing,/lot-81-3-ilfracombe-way-paynesville-vic-3880-2016846686,Price Withheld,is-sold,Sold by private treaty 02 Nov 2022,20221102,"Lot 81, 3 Ilfracombe Way",PAYNESVILLE,VIC,3880,-37.9075623,147.720627,NaN,NaN,NaN,VacantLand,Vacant land,False,913.0,m2,False
2016846737,listing,/lot-82-5-ilfracombe-way-paynesville-vic-3880-2016846737,Price Withheld,is-sold,Sold by private treaty 03 Nov 2022,20221103,"Lot 82, 5 Ilfracombe Way",PAYNESVILLE,VIC,3880,-37.9075623,147.720627,NaN,NaN,NaN,VacantLand,Vacant land,False,912.0,m2,False
2016885161,listing,/lot-72-13-king-street-paynesville-vic-3880-2016885161,Price Withheld,is-sold,Sold by private treaty 28 Oct 2022,20221028,"Lot 72, 13 King Street",PAYNESVILLE,VIC,3880,-37.9161835,147.724823,NaN,NaN,NaN,VacantLand,Vacant land,False,760.0,m2,False
2016885235,listing,/lot-86-13-ilfracombe-way-paynesville-vic-3880-2016885235,Price Withheld,is-sold,Sold by private treaty 02 Nov 2022,20221102,"Lot 86, 13 Ilfracombe Way",PAYNESVILLE,VIC,3880,-37.9075623,147.720627,NaN,NaN,NaN,VacantLand,Vacant land,False,912.0,m2,False
2016907676,listing,/lot-114-coast-avenue-paynesville-vic-3880-2016907676,Price Withheld,is-sold,Sold by private treaty 24 Oct 2022,20221024,Lot 114 Coast Avenue,PAYNESVILLE,VIC,3880,-37.9076347,147.70845,NaN,NaN,NaN,VacantLand,Vacant land,False,1296.0,m2,False
2016907678,listing,/lot-98-twomey-place-paynesville-vic-3880-2016907678,Price Withheld,is-sold,Sold by private treaty 24 Oct 2022,20221024,Lot 98 Twomey Place,PAYNESVILLE,VIC,3880,-37.91126,147.712326,NaN,NaN,NaN,VacantLand,Vacant land,False,878.0,m2,False
2016954533,listing,/lot-108-2-ilfracombe-way-paynesville-vic-3880-2016954533,Price Withheld,is-sold,Sold by private treaty 28 Oct 2022,20221028,"Lot 108, 2 Ilfracombe Way",PAYNESVILLE,VIC,3880,-37.9075623,147.720627,NaN,NaN,NaN,VacantLand,Vacant land,False,808.0,m2,False
2016954538,listing,/lot-106-coast-avenue-paynesville-vic-3880-2016954538,Price Withheld,is-sold,Sold by private treaty 24 Oct 2022,20221024,Lot 106 Coast Avenue,PAYNESVILLE,VIC,3880,-37.9076347,147.70845,NaN,NaN,NaN,VacantLand,Vacant land,False,743.0,m2,False
2016992867,listing,/lot-102-coast-avenue-paynesville-vic-3880-2016992867,Price Withheld,is-sold,Sold by private treaty 24 Oct 2022,20221024,Lot 102 Coast Avenue,PAYNESVILLE,VIC,3880,-37.9076347,147.70845,NaN,NaN,NaN,VacantLand,Vacant land,False,831.0,m2,False
2018094533,listing,/lot-93-twomey-place-paynesville-vic-3880-2018094533,Price Withheld,is-sold,Sold by private treaty 24 Oct 2022,20221024,Lot 93 Twomey Place,PAYNESVILLE,VIC,3880,-37.9075623,147.720627,NaN,NaN,NaN,VacantLand,Vacant land,False,834.0,m2,False
2018094534,listing,/lot-99-15-twomey-place-paynesville-vic-3880-2018094534,Price Withheld,is-sold,Sold by private treaty 08 Nov 2022,20221108,"Lot 99, 15 Twomey Place",PAYNESVILLE,VIC,3880,-37.9075623,147.720627,NaN,NaN,NaN,VacantLand,Vacant land,False,836.0,m2,False
2018104365,listing,/lot-110-coast-avenue-paynesville-vic-3880-2018104365,Price Withheld,is-sold,Sold by private treaty 24 Oct 2022,20221024,Lot 110 Coast Avenue,PAYNESVILLE,VIC,3880,-37.9076347,147.70845,NaN,NaN,NaN,VacantLand,Vacant land,False,822.0,m2,False
2018122177,listing,/lot-112-2-ilfracombe-way-paynesville-vic-3880-2018122177,Price Withheld,is-sold,Sold by private treaty 28 Oct 2022,20221028,"Lot 112, 2 Ilfracombe Way",PAYNESVILLE,VIC,3880,-37.9075623,147.720627,NaN,NaN,NaN,VacantLand,Vacant land,False,964.0,m2,False
2018138041,listing,/unit-3-35-langford-pde-paynesville-vic-3880-2018138041,410000,is-sold,Sold by private treaty 03 Nov 2022,20221103,Unit 3/35 Langford Pde,PAYNESVILLE,VIC,3880,-37.915863,147.719818,3,3,3,ApartmentUnitFlat,Apartment / Unit / Flat,False,449.0,m2,False
2018140248,listing,/unit-14-5-canal-rd-paynesville-vic-3880-2018140248,375000,is-sold,Sold by private treaty 08 Nov 2022,20221108,Unit 14/5 Canal Rd,PAYNESVILLE,VIC,3880,-37.9072952,147.722916,2,2,2,ApartmentUnitFlat,Apartment / Unit / Flat,False,0.0,m2,True
2016706568,listing,/lot-73-king-street-paynesville-vic-3880-2016706568,Price Withheld,is-sold,Sold by private treaty 24 Oct 2022,20221024,Lot 73 King Street,PAYNESVILLE,VIC,3880,-37.9150352,147.718536,NaN,NaN,NaN,VacantLand,Vacant land,False,760.0,m2,False
2016846678,listing,/lot-78-coast-avenue-paynesville-vic-3880-2016846678,Price Withheld,is-sold,Sold by private treaty 24 Oct 2022,20221024,Lot 78 Coast Avenue,PAYNESVILLE,VIC,3880,-37.9076347,147.70845,NaN,NaN,NaN,VacantLand,Vacant land,False,946.0,m2,False
2016846685,listing,/lot-76-coast-avenue-paynesville-vic-3880-2016846685,Price Withheld,is-sold,Sold by private treaty 24 Oct 2022,20221024,Lot 76 Coast Avenue,PAYNESVILLE,VIC,3880,-37.9076347,147.70845,NaN,NaN,NaN,VacantLand,Vacant land,False,946.0,m2,False
2016846747,listing,/lot-87-coast-avenue-paynesville-vic-3880-2016846747,Price Withheld,is-sold,Sold by private treaty 24 Oct 2022,20221024,Lot 87 Coast Avenue,PAYNESVILLE,VIC,3880,-37.9076347,147.70845,NaN,NaN,NaN,VacantLand,Vacant land,False,940.0,m2,False
2016885232,listing,/lot-85-coast-avenue-paynesville-vic-3880-2016885232,Price Withheld,is-sold,Sold by private treaty 24 Oct 2022,20221024,Lot 85 Coast Avenue,PAYNESVILLE,VIC,3880,-37.9076347,147.70845,NaN,NaN,NaN,VacantLand,Vacant land,False,912.0,m2,False
2016907675,listing,/lot-107-coast-avenue-paynesville-vic-3880-2016907675,Price Withheld,is-sold,Sold by private treaty 24 Oct 2022,20221024,Lot 107 Coast Avenue,PAYNESVILLE,VIC,3880,-37.9076347,147.70845,NaN,NaN,NaN,VacantLand,Vacant land,False,907.0,m2,False
2016907677,listing,/lot-105-coast-avenue-paynesville-vic-3880-2016907677,Price Withheld,is-sold,Sold by private treaty 24 Oct 2022,20221024,Lot 105 Coast Avenue,PAYNESVILLE,VIC,3880,-37.9076347,147.70845,NaN,NaN,NaN,VacantLand,Vacant land,False,809.0,m2,False
2017350529,listing,/114-grandview-road-paynesville-vic-3880-2017350529,280000,is-sold,Sold by private treaty 20 Oct 2022,20221020,114 Grandview Road,PAYNESVILLE,VIC,3880,-37.9147263,147.695,NaN,NaN,NaN,VacantLand,Vacant land,False,5900.0,m2,False
2017768567,listing,/18-sixth-avenue-raymond-island-vic-3880-2017768567,290000,is-sold,Sold by private treaty 11 Oct 2022,20221011,18 Sixth Avenue,RAYMOND ISLAND,VIC,3880,-37.92505,147.726089,NaN,NaN,NaN,VacantLand,Vacant land,False,1012.0,m2,False
2017976195,listing,/unit-1-42-cumming-st-paynesville-vic-3880-2017976195,535000,is-sold,Sold by private treaty 17 Oct 2022,20221017,Unit 1/42 Cumming St,PAYNESVILLE,VIC,3880,-37.908226,147.719666,3,3,3,Townhouse,Townhouse,False,484.0,m2,False
2017979594,listing,/29-fullarton-dr-paynesville-vic-3880-2017979594,699000,is-sold,Sold by private treaty 07 Oct 2022,20221007,29 Fullarton Dr,PAYNESVILLE,VIC,3880,-37.9048042,147.7159,3,3,3,House,House,False,800.0,m2,False
2018023362,listing,/23-haylock-drive-paynesville-vic-3880-2018023362,655000,is-sold,Sold by private treaty 13 Oct 2022,20221013,23 Haylock Drive,PAYNESVILLE,VIC,3880,-37.91185,147.710922,3,3,3,House,House,False,752.0,m2,False
2018094532,listing,/lot-95-twomey-place-paynesville-vic-3880-2018094532,Price Withheld,is-sold,Sold by private treaty 24 Oct 2022,20221024,Lot 95 Twomey Place,PAYNESVILLE,VIC,3880,-37.9075623,147.720627,NaN,NaN,NaN,VacantLand,Vacant land,False,855.0,m2,False
2018101662,listing,/13-ninth-parade-raymond-island-vic-3880-2018101662,450000,is-sold,Sold by private treaty 07 Oct 2022,20221007,13 Ninth Parade,RAYMOND ISLAND,VIC,3880,-37.9205322,147.731659,3,3,3,House,House,False,733.0,m2,False
2018104366,listing,/lot-103-coast-avenue-paynesville-vic-3880-2018104366,Price Withheld,is-sold,Sold by private treaty 24 Oct 2022,20221024,Lot 103 Coast Avenue,PAYNESVILLE,VIC,3880,-37.9076347,147.70845,NaN,NaN,NaN,VacantLand,Vacant land,False,842.0,m2,False
2018105462,listing,/11-lindemann-retreat-paynesville-vic-3880-2018105462,651500,is-sold,Sold by private treaty 12 Oct 2022,20221012,11 Lindemann Retreat,PAYNESVILLE,VIC,3880,-37.9080162,147.716782,3,3,3,House,House,False,840.0,m2,False
2018105846,listing,/42-main-road-paynesville-vic-3880-2018105846,455000,is-sold,Sold by private treaty 13 Oct 2022,20221013,42 Main Road,PAYNESVILLE,VIC,3880,-37.91564,147.719208,2,2,2,House,House,False,612.0,m2,False
2018122176,listing,/lot-111-coast-avenue-paynesville-vic-3880-2018122176,Price Withheld,is-sold,Sold by private treaty 24 Oct 2022,20221024,Lot 111 Coast Avenue,PAYNESVILLE,VIC,3880,-37.9076347,147.70845,NaN,NaN,NaN,VacantLand,Vacant land,False,837.0,m2,False
2018138818,listing,/17-riviera-close-paynesville-vic-3880-2018138818,649000,is-sold,Sold by private treaty 10 Oct 2022,20221010,17 Riviera Close,PAYNESVILLE,VIC,3880,-37.9089241,147.712769,3,3,3,House,House,False,1039.0,m2,False
2017275363,listing,/36-vaughan-street-paynesville-vic-3880-2017275363,430000,is-sold,Sold by private treaty 24 Aug 2022,20220824,36 Vaughan Street,PAYNESVILLE,VIC,3880,-37.9092,147.717972,3,3,3,House,House,False,802.0,m2,False
2017783837,listing,/76-main-road-paynesville-vic-3880-2017783837,595000,is-sold,Sold by private treaty 01 Sep 2022,20220901,76 Main Road,PAYNESVILLE,VIC,3880,-37.9128952,147.7199,3,3,3,House,House,False,1000.0,m2,False
2017810609,listing,/2-19-toonalook-parade-paynesville-vic-3880-2017810609,245000,is-sold,Sold by private treaty 16 Aug 2022,20220816,2/19 Toonalook Parade,PAYNESVILLE,VIC,3880,-37.9174461,147.71701,2,2,2,ApartmentUnitFlat,Apartment / Unit / Flat,False,0.0,m2,False
2017858923,listing,/25-fourth-avenue-raymond-island-vic-3880-2017858923,675000,is-sold,Sold by private treaty 16 Aug 2022,20220816,25 Fourth Avenue,RAYMOND ISLAND,VIC,3880,-37.9243622,147.725525,4,4,4,House,House,False,995.0,m2,False
2017881024,listing,/72-fort-king-road-paynesville-vic-3880-2017881024,881000,is-sold,Sold by private treaty 23 Aug 2022,20220823,72 Fort King Road,PAYNESVILLE,VIC,3880,-37.9073334,147.729431,4,4,4,House,House,False,765.0,m2,False
2017922082,listing,/b-8-langford-pde-paynesville-vic-3880-2017922082,Price Withheld,is-sold,Sold by private treaty 25 Aug 2022,20220825,B/8 Langford Pde,PAYNESVILLE,VIC,3880,-37.91797,147.720016,NaN,NaN,NaN,VacantLand,Vacant land,False,637.0,m2,False
2017922103,listing,/a-8-langford-pde-paynesville-vic-3880-2017922103,Price Withheld,is-sold,Sold by private treaty 25 Aug 2022,20220825,A/8 Langford Pde,PAYNESVILLE,VIC,3880,-37.91797,147.720016,2,2,2,House,House,False,400.0,m2,False
2017928606,listing,/28-eagle-bay-terrace-paynesville-vic-3880-2017928606,1010000,is-sold,Sold by private treaty 26 Aug 2022,20220826,28 Eagle Bay Terrace,PAYNESVILLE,VIC,3880,-37.9003563,147.712234,4,4,4,House,House,False,871.0,m2,False
2017952839,listing,/121-langford-parade-paynesville-vic-3880-2017952839,626000,is-sold,Sold by private treaty 01 Sep 2022,20220901,121 Langford Parade,PAYNESVILLE,VIC,3880,-37.90821,147.721786,4,4,4,House,House,False,1012.0,m2,False
2017962904,listing,/2-139-newlands-drive-paynesville-vic-3880-2017962904,1300000,is-sold,Sold by private treaty 27 Sep 2022,20220927,2/139 Newlands Drive,PAYNESVILLE,VIC,3880,-37.91605,147.701813,3,3,3,House,House,False,0.0,m2,False
2017963056,listing,/2-jim-way-paynesville-vic-3880-2017963056,515000,is-sold,Sold by private treaty 07 Sep 2022,20220907,2 Jim Way,PAYNESVILLE,VIC,3880,-37.90656,147.707977,4,4,4,House,House,False,500.0,m2,False
2017963699,listing,/37-gilsenan-street-paynesville-vic-3880-2017963699,670000,is-sold,Sold by private treaty 06 Oct 2022,20221006,37 Gilsenan Street,PAYNESVILLE,VIC,3880,-37.9179,147.711,3,3,3,House,House,False,1200.0,m2,False
2017981091,listing,/18-lara-close-paynesville-vic-3880-2017981091,515000,is-sold,Sold by private treaty 26 Aug 2022,20220826,18 Lara Close,PAYNESVILLE,VIC,3880,-37.90563,147.7165,3,3,3,House,House,False,679.0,m2,False
2017983382,listing,/14-jacaranda-dr-paynesville-vic-3880-2017983382,745000,is-sold,Sold by private treaty 21 Sep 2022,20220921,14 Jacaranda Dr,PAYNESVILLE,VIC,3880,-37.9055862,147.715881,4,4,4,House,House,False,1080.0,m2,False
2018014695,listing,/48-vaughan-street-paynesville-vic-3880-2018014695,305000,is-sold,Sold by private treaty 31 Aug 2022,20220831,48 Vaughan Street,PAYNESVILLE,VIC,3880,-37.9083138,147.718246,2,2,2,House,House,False,822.0,m2,False
2018023173,listing,/21-eleventh-parade-raymond-island-vic-3880-2018023173,745000,is-sold,Sold by private treaty 30 Sep 2022,20220930,21 Eleventh Parade,RAYMOND ISLAND,VIC,3880,-37.9189758,147.733,3,3,3,House,House,True,2.39,ha,False
2018065349,listing,/69-ashley-street-paynesville-vic-3880-2018065349,565000,is-sold,Sold by private treaty 22 Sep 2022,20220922,69 Ashley Street,PAYNESVILLE,VIC,3880,-37.91017,147.711472,3,3,3,House,House,False,423.0,m2,False
2018068043,listing,/12-lara-close-paynesville-vic-3880-2018068043,434000,is-sold,Sold by private treaty 16 Sep 2022,20220916,12 Lara Close,PAYNESVILLE,VIC,3880,-37.90621,147.717438,3,3,3,House,House,False,737.0,m2,False
2018071521,listing,/15-eleventh-pde-raymond-island-vic-3880-2018071521,595000,is-sold,Sold by private treaty 12 Sep 2022,20220912,15 Eleventh Pde,RAYMOND ISLAND,VIC,3880,-37.9189034,147.732,3,3,3,House,House,False,635.0,m2,False
2018132006,listing,/26-vaughan-street-paynesville-vic-3880-2018132006,420000,is-sold,Sold by private treaty 22 Aug 2022,20220822,26 Vaughan Street,PAYNESVILLE,VIC,3880,-37.9099,147.717834,2,2,2,House,House,False,777.0,m2,False
2017500723,listing,/3-85-fort-king-road-paynesville-vic-3880-2017500723,Price Withheld,is-sold,Sold by private treaty 22 Jun 2022,20220622,3/85 Fort King Road,PAYNESVILLE,VIC,3880,-37.9071655,147.73082,2,2,2,ApartmentUnitFlat,Apartment / Unit / Flat,False,0.0,m2,False
2017541023,listing,/31-fullarton-dr-paynesville-vic-3880-2017541023,842000,is-sold,Sold by private treaty 14 Jun 2022,20220614,31 Fullarton Dr,PAYNESVILLE,VIC,3880,-37.904644,147.7157,3,3,3,House,House,False,803.0,m2,False
2017653693,listing,/18-currawong-close-raymond-island-vic-3880-2017653693,540000,is-sold,Sold by private treaty 09 Jul 2022,20220709,18 Currawong Close,RAYMOND ISLAND,VIC,3880,-37.916275,147.732956,5,5,5,House,House,False,544.0,m2,False
2017808591,listing,/38-coast-avenue-paynesville-vic-3880-2017808591,550000,is-sold,Sold by private treaty 28 Jun 2022,20220628,38 Coast Avenue,PAYNESVILLE,VIC,3880,-37.9091072,147.708572,4,4,4,House,House,False,655.0,m2,False
2017814557,listing,/90-newlands-dr-paynesville-vic-3880-2017814557,570000,is-sold,Sold by private treaty 17 Jun 2022,20220617,90 Newlands Dr,PAYNESVILLE,VIC,3880,-37.9163857,147.70903,3,3,3,House,House,False,959.0,m2,False
2017814677,listing,/villa-41-1-5-canal-road-paynesville-vic-3880-2017814677,Price Withheld,is-sold,Sold by private treaty 02 Aug 2022,20220802,Villa 41/1-5 Canal Road,PAYNESVILLE,VIC,3880,-37.9074936,147.721832,2,2,2,ApartmentUnitFlat,Apartment / Unit / Flat,False,173.0,m2,False
2017833215,listing,/1-33-newton-close-paynesville-vic-3880-2017833215,495000,is-sold,Sold by private treaty 14 Aug 2022,20220814,1/33 Newton Close,PAYNESVILLE,VIC,3880,-37.9167862,147.712326,3,3,3,House,House,False,0.0,m2,False
2017837981,listing,/25-the-inlet-paynesville-vic-3880-2017837981,1451000,is-sold,Sold by private treaty 17 Jun 2022,20220617,25 The Inlet,PAYNESVILLE,VIC,3880,-37.90429,147.722168,4,4,4,House,House,False,758.0,m2,False
2017838307,listing,/33-mcmillan-grove-paynesville-vic-3880-2017838307,384000,is-sold,Sold by private treaty 15 Jun 2022,20220615,33 McMillan Grove,PAYNESVILLE,VIC,3880,-37.9041824,147.729889,3,3,3,House,House,False,575.0,m2,False
2017846166,listing,/unit-44-1-5-canal-rd-paynesville-vic-3880-2017846166,362000,is-sold,Sold by private treaty 25 Jul 2022,20220725,Unit 44/1-5 Canal Rd,PAYNESVILLE,VIC,3880,-37.9074936,147.721832,2,2,2,House,House,False,0.0,m2,True
2017856596,listing,/23-sunset-boulevard-paynesville-vic-3880-2017856596,640000,is-sold,Sold by private treaty 27 Jul 2022,20220727,23 Sunset Boulevard,PAYNESVILLE,VIC,3880,-37.91949,147.718353,4,4,4,House,House,False,574.0,m2,False
2017865734,listing,/19-eagle-bay-terrace-paynesville-vic-3880-2017865734,742000,is-sold,Sold by private treaty 09 Jul 2022,20220709,19 Eagle Bay Terrace,PAYNESVILLE,VIC,3880,-37.90125,147.712234,4,4,4,House,House,False,946.0,m2,False
2017874529,listing,/53-slip-road-paynesville-vic-3880-2017874529,480000,is-sold,Sold by private treaty 21 Jul 2022,20220721,53 Slip Road,PAYNESVILLE,VIC,3880,-37.9130745,147.728073,2,2,2,House,House,False,900.0,m2,False
2017879373,listing,/5-eagle-bay-tce-paynesville-vic-3880-2017879373,770000,is-sold,Sold by private treaty 04 Jul 2022,20220704,5 Eagle Bay Tce,PAYNESVILLE,VIC,3880,-37.90226,147.712631,3,3,3,House,House,False,625.0,m2,False
2017903359,listing,/9-magnetic-retreat-paynesville-vic-3880-2017903359,910000,is-sold,Sold by private treaty 25 Jul 2022,20220725,9 Magnetic Retreat,PAYNESVILLE,VIC,3880,-37.9052429,147.72345,3,3,3,House,House,False,788.0,m2,False
2017904332,listing,/9a-the-inlet-paynesville-vic-3880-2017904332,1190000,is-sold,Sold by private treaty 21 Jun 2022,20220621,9A The Inlet,PAYNESVILLE,VIC,3880,-37.904335,147.720428,4,4,4,House,House,False,350.0,m2,False
2017904590,listing,/27-eighth-avenue-raymond-island-vic-3880-2017904590,440000,is-sold,Sold by private treaty 09 Jul 2022,20220709,27 Eighth Avenue,RAYMOND ISLAND,VIC,3880,-37.9237976,147.728546,3,3,3,House,House,False,846.0,m2,False
2017908042,listing,/75-king-street-paynesville-vic-3880-2017908042,525000,is-sold,Sold by private treaty 21 Jul 2022,20220721,75 King Street,PAYNESVILLE,VIC,3880,-37.9146843,147.714249,3,3,3,House,House,False,1214.0,m2,False
2017928088,listing,/10b-main-road-paynesville-vic-3880-2017928088,232000,is-sold,Sold by private treaty 22 Jul 2022,20220722,10B Main Road,PAYNESVILLE,VIC,3880,-37.9178963,147.718689,NaN,NaN,NaN,VacantLand,Vacant land,False,0.0,m2,False
2017970284,listing,/65-fullarton-drive-paynesville-vic-3880-2017970284,Price Withheld,is-sold,Sold by private treaty 01 Aug 2022,20220801,65 Fullarton Drive,PAYNESVILLE,VIC,3880,-37.90193,147.713684,4,4,4,House,House,False,849.0,m2,False
2017337285,listing,/30-fourth-avenue-raymond-island-vic-3880-2017337285,295000,is-sold,Sold by private treaty 26 Apr 2022,20220426,30 Fourth Avenue,RAYMOND ISLAND,VIC,3880,-37.92376,147.725113,NaN,NaN,NaN,VacantLand,Vacant land,False,800.0,m2,False
2017406855,listing,/110-79-slip-road-paynesville-vic-3880-2017406855,Price Withheld,is-sold,Sold by private treaty 04 May 2022,20220504,110/79 Slip Road,PAYNESVILLE,VIC,3880,-37.91139,147.726517,2,2,2,ApartmentUnitFlat,Apartment / Unit / Flat,False,0.0,m2,False
2017606040,listing,/2-116-main-road-paynesville-vic-3880-2017606040,345000,is-sold,Sold by private treaty 03 May 2022,20220503,2/116 Main Road,PAYNESVILLE,VIC,3880,-37.90906,147.7209,2,2,2,House,House,False,195.0,m2,False
2017621860,listing,/3-caddie-court-paynesville-vic-3880-2017621860,705000,is-sold,Sold by private treaty 29 Apr 2022,20220429,3 Caddie Court,PAYNESVILLE,VIC,3880,-37.9026566,147.712158,3,3,3,House,House,False,619.0,m2,False
2017661760,listing,/10-ah-yee-place-paynesville-vic-3880-2017661760,600000,is-sold,Sold by private treaty 12 May 2022,20220512,10 Ah Yee Place,PAYNESVILLE,VIC,3880,-37.9062958,147.709656,4,4,4,House,House,False,615.0,m2,False
2017663427,listing,/7-85-fort-king-road-paynesville-vic-3880-2017663427,480000,is-sold,Sold by private treaty 05 May 2022,20220505,7/85 Fort King Road,PAYNESVILLE,VIC,3880,-37.9073639,147.730957,2,2,2,ApartmentUnitFlat,Apartment / Unit / Flat,False,172.0,m2,False
2017701006,listing,/35-sixth-avenue-raymond-island-vic-3880-2017701006,535000,is-sold,Sold by private treaty 21 Apr 2022,20220421,35 Sixth Avenue,RAYMOND ISLAND,VIC,3880,-37.9231949,147.727081,3,3,3,House,House,False,820.0,m2,False
2017707832,listing,/12-government-road-paynesville-vic-3880-2017707832,449000,is-sold,Sold by private treaty 22 Apr 2022,20220422,12 Government Road,PAYNESVILLE,VIC,3880,-37.9036179,147.7273,3,3,3,House,House,False,688.0,m2,False
2017718399,listing,/1-2-58-vaughan-street-paynesville-vic-3880-2017718399,Price Withheld,is-sold,Sold by private treaty 12 May 2022,20220512,1 & 2/58 Vaughan Street,PAYNESVILLE,VIC,3880,-37.9073677,147.718323,4,4,4,ApartmentUnitFlat,Apartment / Unit / Flat,False,0.0,m2,False
2017726364,listing,/13-windermere-terrace-paynesville-vic-3880-2017726364,890000,is-sold,Sold by private treaty 26 May 2022,20220526,13 Windermere Terrace,PAYNESVILLE,VIC,3880,-37.90494,147.720917,3,3,3,House,House,False,855.0,m2,False
2017730974,listing,/26-gilsenan-street-paynesville-vic-3880-2017730974,529000,is-sold,Sold by private treaty 22 Apr 2022,20220422,26 Gilsenan Street,PAYNESVILLE,VIC,3880,-37.9177055,147.71199,3,3,3,House,House,False,1213.0,m2,False
2017734628,listing,/26-newton-close-paynesville-vic-3880-2017734628,495000,is-sold,Sold by private treaty 28 Apr 2022,20220428,26 Newton Close,PAYNESVILLE,VIC,3880,-37.9156952,147.71138,3,3,3,House,House,False,878.0,m2,False
2017737825,listing,/lot-2-1-admirals-quay-paynesville-vic-3880-2017737825,290000,is-sold,Sold by private treaty 26 Apr 2022,20220426,"Lot 2,1 Admirals Quay",PAYNESVILLE,VIC,3880,-37.90773,147.723969,NaN,NaN,NaN,VacantLand,Vacant land,False,486.0,m2,False
2017737896,listing,/9-harbour-court-paynesville-vic-3880-2017737896,597500,is-sold,Sold by private treaty 29 Apr 2022,20220429,9 Harbour Court,PAYNESVILLE,VIC,3880,-37.9130745,147.722,3,3,3,House,House,False,730.0,m2,False
2017740881,listing,/1-waratah-ave-paynesville-vic-3880-2017740881,599000,is-sold,Sold by private treaty 20 May 2022,20220520,1 Waratah Ave,PAYNESVILLE,VIC,3880,-37.91351,147.712265,3,3,3,House,House,False,800.0,m2,False
2017743124,listing,/30-william-street-paynesville-vic-3880-2017743124,487500,is-sold,Sold by private treaty 28 Apr 2022,20220428,30 William Street,PAYNESVILLE,VIC,3880,-37.9098129,147.716827,2,2,2,House,House,False,785.0,m2,False
2017761564,listing,/15-magnolia-way-paynesville-vic-3880-2017761564,865000,is-sold,Sold by private treaty 11 Jun 2022,20220611,15 Magnolia Way,PAYNESVILLE,VIC,3880,-37.90447,147.713165,4,4,4,House,House,False,903.0,m2,False
2017768471,listing,/31-seventh-parade-raymond-island-vic-3880-2017768471,670000,is-sold,Sold by private treaty 27 May 2022,20220527,31 Seventh Parade,RAYMOND ISLAND,VIC,3880,-37.9213448,147.730789,3,3,3,House,House,False,682.0,m2,False
2017833288,listing,/2-32-aquarius-way-paynesville-vic-3880-2017833288,1150000,is-sold,Sold by private treaty 16 May 2022,20220516,2/32 Aquarius Way,PAYNESVILLE,VIC,3880,-37.9131279,147.724976,4,4,4,House,House,False,383.0,m2,False
2017910012,listing,/18-ah-yee-place-paynesville-vic-3880-2017910012,600000,is-sold,Sold by private treaty 23 May 2022,20220523,18 Ah Yee Place,PAYNESVILLE,VIC,3880,-37.9062653,147.71051,4,4,4,House,House,False,833.0,m2,False
2017432332,listing,/12-mcmillan-grove-paynesville-vic-3880-2017432332,540000,is-sold,Sold by private treaty 25 Mar 2022,20220325,12 McMillan Grove,PAYNESVILLE,VIC,3880,-37.9039154,147.728653,6,6,6,House,House,False,566.0,m2,False
2017499153,listing,/14-eagle-bay-terrace-paynesville-vic-3880-2017499153,Price Withheld,is-sold,Sold by private treaty 11 Apr 2022,20220411,14 Eagle Bay Terrace,PAYNESVILLE,VIC,3880,-37.90152,147.7128,3,3,3,House,House,False,945.0,m2,False
2017511069,listing,/villa-17-9-11-wellington-street-paynesville-vic-3880-2017511069,Price Withheld,is-sold,Sold by private treaty 24 Mar 2022,20220324,Villa 17/9-11 Wellington Street,PAYNESVILLE,VIC,3880,-37.91761,147.720978,2,2,2,ApartmentUnitFlat,Apartment / Unit / Flat,False,160.0,m2,False
2017601620,listing,/1-17-langford-parade-paynesville-vic-3880-2017601620,509000,is-sold,Sold by private treaty 31 Mar 2022,20220331,1/17 Langford Parade,PAYNESVILLE,VIC,3880,-37.9175262,147.719391,3,3,3,ApartmentUnitFlat,Apartment / Unit / Flat,False,299.0,m2,False
2017614907,listing,/65-twelfth-avenue-raymond-island-vic-3880-2017614907,429000,is-sold,Sold by private treaty 28 Mar 2022,20220328,65 Twelfth Avenue,RAYMOND ISLAND,VIC,3880,-37.92052,147.7321,2,2,2,House,House,False,0.0,m2,False
2017624428,listing,/5-smallman-ct-paynesville-vic-3880-2017624428,695000,is-sold,Sold by private treaty 18 Mar 2022,20220318,5 Smallman Ct,PAYNESVILLE,VIC,3880,-37.9089775,147.708115,4,4,4,House,House,False,801.0,m2,False
2017639220,listing,/14-acacia-court-paynesville-vic-3880-2017639220,565000,is-sold,Sold by private treaty 23 Mar 2022,20220323,14 Acacia Court,PAYNESVILLE,VIC,3880,-37.9117355,147.712448,3,3,3,House,House,False,872.0,m2,False
2017639403,listing,/40-sanctuary-court-raymond-island-vic-3880-2017639403,1200000,is-sold,Sold by private treaty 22 Mar 2022,20220322,40 Sanctuary Court,RAYMOND ISLAND,VIC,3880,-37.8999252,147.773544,3,3,3,House,House,True,1.2,ha,False
2017639791,listing,/unit-20-5-canal-rd-paynesville-vic-3880-2017639791,379000,is-sold,Sold by private treaty 07 Apr 2022,20220407,Unit 20/5 Canal Rd,PAYNESVILLE,VIC,3880,-37.90675,147.722992,3,3,3,ApartmentUnitFlat,Apartment / Unit / Flat,False,230.0,m2,True
2017640036,listing,/27-gilsenan-street-paynesville-vic-3880-2017640036,450000,is-sold,Sold by private treaty 17 Apr 2022,20220417,27 Gilsenan Street,PAYNESVILLE,VIC,3880,-37.91823,147.712051,3,3,3,House,House,False,972.0,m2,False
2017657979,listing,/17-waterloo-court-paynesville-vic-3880-2017657979,849000,is-sold,Sold by private treaty 25 Mar 2022,20220325,17 Waterloo Court,PAYNESVILLE,VIC,3880,-37.9151764,147.723709,3,3,3,House,House,False,824.0,m2,False
2017673084,listing,/28-canal-road-paynesville-vic-3880-2017673084,380000,is-sold,Sold by private treaty 25 Mar 2022,20220325,28 Canal Road,PAYNESVILLE,VIC,3880,-37.90818,147.724228,2,2,2,House,House,False,512.0,m2,False
2017684662,listing,/1-19-toonalook-parade-paynesville-vic-3880-2017684662,205000,is-sold,Sold by private treaty 16 Mar 2022,20220316,1/19 Toonalook Parade,PAYNESVILLE,VIC,3880,-37.9173355,147.717056,2,2,2,ApartmentUnitFlat,Apartment / Unit / Flat,False,0.0,m2,False
2017685783,listing,/4-waverley-court-paynesville-vic-3880-2017685783,560000,is-sold,Sold by private treaty 14 Apr 2022,20220414,4 Waverley Court,PAYNESVILLE,VIC,3880,-37.9046173,147.729,6,6,6,House,House,False,649.0,m2,False
2017696318,listing,/3-62-main-road-paynesville-vic-3880-2017696318,260000,is-sold,Sold by private treaty 14 Apr 2022,20220414,3/62 Main Road,PAYNESVILLE,VIC,3880,-37.9139137,147.719879,2,2,2,House,House,False,0.0,m2,False
2017707410,listing,/28-palm-avenue-paynesville-vic-3880-2017707410,555000,is-sold,Sold by private treaty 13 Apr 2022,20220413,28 Palm Avenue,PAYNESVILLE,VIC,3880,-37.9036331,147.711624,3,3,3,House,House,False,452.0,m2,False
2017735180,listing,/8-government-road-paynesville-vic-3880-2017735180,620000,is-sold,Sold by private treaty 19 Apr 2022,20220419,8 Government Road,PAYNESVILLE,VIC,3880,-37.9039764,147.72728,4,4,4,House,House,False,551.0,m2,False
2017735269,listing,/2-17-langford-parade-paynesville-vic-3880-2017735269,485000,is-sold,Sold by private treaty 18 Mar 2022,20220318,2/17 Langford Parade,PAYNESVILLE,VIC,3880,-37.91753,147.719162,3,3,3,ApartmentUnitFlat,Apartment / Unit / Flat,False,273.0,m2,False
2017736432,listing,/5-windermere-terrace-paynesville-vic-3880-2017736432,1295000,is-sold,Sold by private treaty 19 Apr 2022,20220419,5 Windermere Terrace,PAYNESVILLE,VIC,3880,-37.90478,147.719955,4,4,4,House,House,False,914.0,m2,False
2017806295,listing,/2-main-road-paynesville-vic-3880-2017806295,475000,is-sold,Sold by private treaty 13 Apr 2022,20220413,2 Main Road,PAYNESVILLE,VIC,3880,-37.9185181,147.718475,NaN,NaN,NaN,VacantLand,Vacant land,False,835.0,m2,False
2017316794,listing,/22-the-point-paynesville-vic-3880-2017316794,Price Withheld,is-sold,Sold by private treaty 02 Mar 2022,20220302,22 The Point,PAYNESVILLE,VIC,3880,-37.90397,147.726761,NaN,NaN,NaN,VacantLand,Vacant land,False,673.0,m2,False
2017397845,listing,/51-fourth-avenue-raymond-island-vic-3880-2017397845,765000,is-sold,Sold by private treaty 08 Feb 2022,20220208,51 Fourth Avenue,RAYMOND ISLAND,VIC,3880,-37.9216957,147.726013,3,3,3,House,House,False,1019.0,m2,False
2017397963,listing,/131-western-boulevard-raymond-island-vic-3880-2017397963,Price Withheld,is-sold,Sold by private treaty 11 Mar 2022,20220311,131 Western Boulevard,RAYMOND ISLAND,VIC,3880,-37.9105949,147.7324,3,3,3,House,House,False,3743.0,m2,False
2017471356,listing,/10-fullarton-drive-paynesville-vic-3880-2017471356,4000000,is-sold,Sold by private treaty 25 Feb 2022,20220225,10 Fullarton Drive,PAYNESVILLE,VIC,3880,-37.90484,147.718079,NaN,NaN,NaN,VacantLand,Vacant land,True,61.87,ha,False
2017496026,listing,/19-lisa-court-raymond-island-vic-3880-2017496026,Price Withheld,is-sold,Sold by private treaty 23 Feb 2022,20220223,19 Lisa Court,RAYMOND ISLAND,VIC,3880,-37.917202,147.7331,4,4,4,House,House,False,835.0,m2,False
2017530909,listing,/108-newlands-drive-paynesville-vic-3880-2017530909,850000,is-sold,Sold by private treaty 14 Feb 2022,20220214,108 Newlands Drive,PAYNESVILLE,VIC,3880,-37.91613,147.706985,3,3,3,House,House,False,931.0,m2,False
2017535307,listing,/34-canal-road-paynesville-vic-3880-2017535307,505000,is-sold,Sold by private treaty 03 Feb 2022,20220203,34 Canal Road,PAYNESVILLE,VIC,3880,-37.90826,147.724777,2,2,2,House,House,False,551.0,m2,False
2017537194,listing,/20-government-road-paynesville-vic-3880-2017537194,675000,is-sold,Sold by private treaty 08 Mar 2022,20220308,20 Government Road,PAYNESVILLE,VIC,3880,-37.9029922,147.727585,3,3,3,House,House,False,590.0,m2,False
2017538097,listing,/22-haylock-drive-paynesville-vic-3880-2017538097,790000,is-sold,Sold by private treaty 16 Feb 2022,20220216,22 Haylock Drive,PAYNESVILLE,VIC,3880,-37.9121132,147.710876,4,4,4,House,House,False,800.0,m2,False
2017539693,listing,/3-39-victoria-street-paynesville-vic-3880-2017539693,350000,is-sold,Sold by private treaty 11 Feb 2022,20220211,3/39 Victoria Street,PAYNESVILLE,VIC,3880,-37.9169655,147.720612,2,2,2,ApartmentUnitFlat,Apartment / Unit / Flat,False,358.0,m2,False
2017540404,listing,/7-24-langford-parade-paynesville-vic-3880-2017540404,265000,is-sold,Sold by private treaty 08 Feb 2022,20220208,7/24 Langford Parade,PAYNESVILLE,VIC,3880,-37.9163857,147.720383,2,2,2,ApartmentUnitFlat,Apartment / Unit / Flat,False,0.0,m2,False
2017546567,listing,/26-5-canal-road-paynesville-vic-3880-2017546567,365000,is-sold,Sold by private treaty 04 Mar 2022,20220304,26/5 Canal Road,PAYNESVILLE,VIC,3880,-37.9064827,147.722641,2,2,2,ApartmentUnitFlat,Apartment / Unit / Flat,False,0.0,m2,True
2017546637,listing,/6-24-26-langford-parade-paynesville-vic-3880-2017546637,218020,is-sold,Sold by private treaty 07 Feb 2022,20220207,6/24-26 Langford Parade,PAYNESVILLE,VIC,3880,-37.91645,147.720428,2,2,2,ApartmentUnitFlat,Apartment / Unit / Flat,False,174.0,m2,False
2017546673,listing,/21-cumming-street-paynesville-vic-3880-2017546673,470000,is-sold,Sold by private treaty 04 Feb 2022,20220204,21 Cumming Street,PAYNESVILLE,VIC,3880,-37.9105072,147.718521,3,3,3,House,House,False,533.0,m2,False
2017566225,listing,/64-newlands-drive-paynesville-vic-3880-2017566225,1080000,is-sold,Sold by private treaty 28 Feb 2022,20220228,64 Newlands Drive,PAYNESVILLE,VIC,3880,-37.91855,147.710434,3,3,3,House,House,False,1020.0,m2,False
2017601680,listing,/38-tenth-avenue-raymond-island-vic-3880-2017601680,359000,is-sold,Sold by private treaty 04 Mar 2022,20220304,38 Tenth Avenue,RAYMOND ISLAND,VIC,3880,-37.9231949,147.729309,2,2,2,House,House,False,711.0,m2,False
2017611375,listing,/18-reynolds-street-paynesville-vic-3880-2017611375,360000,is-sold,Sold by private treaty 08 Mar 2022,20220308,18 Reynolds Street,PAYNESVILLE,VIC,3880,-37.91632,147.716141,3,3,3,House,House,False,725.0,m2,False
2017628858,listing,/14-kellina-court-paynesville-vic-3880-2017628858,740000,is-sold,Sold by private treaty 22 Feb 2022,20220222,14 Kellina Court,PAYNESVILLE,VIC,3880,-37.9152374,147.692642,3,3,3,House,House,False,803.0,m2,False
2017640380,listing,/lot-1-1-admirals-quay-paynesville-vic-3880-2017640380,270000,is-sold,Sold by private treaty 16 Mar 2022,20220316,"Lot 1,1 Admirals Quay",PAYNESVILLE,VIC,3880,-37.90773,147.723969,NaN,NaN,NaN,VacantLand,Vacant land,False,480.0,m2,False
2017766985,listing,/27-newton-close-paynesville-vic-3880-2017766985,525000,is-sold,Sold by private treaty 03 Feb 2022,20220203,27 Newton Close,PAYNESVILLE,VIC,3880,-37.915844,147.71138,3,3,3,House,House,False,0.0,m2,False
2017200033,listing,/39-5-canal-road-paynesville-vic-3880-2017200033,349000,is-sold,Sold by private treaty 25 Jan 2022,20220125,39/5 Canal Road,PAYNESVILLE,VIC,3880,-37.9071426,147.721283,2,2,2,House,House,False,0.0,m2,True
2017401671,listing,/72b-ashley-street-paynesville-vic-3880-2017401671,465000,is-sold,Sold by private treaty 07 Jan 2022,20220107,72B Ashley Street,PAYNESVILLE,VIC,3880,-37.9098473,147.710648,3,3,3,House,House,False,330.0,m2,False
2017452261,listing,/25-currawong-close-raymond-island-vic-3880-2017452261,440000,is-sold,Sold by private treaty 26 Jan 2022,20220126,25 Currawong Close,RAYMOND ISLAND,VIC,3880,-37.91664,147.732849,2,2,2,House,House,False,539.0,m2,False
2017461911,listing,/13-rex-street-paynesville-vic-3880-2017461911,510000,is-sold,Sold by private treaty 02 Jan 2022,20220102,13 Rex Street,PAYNESVILLE,VIC,3880,-37.9159431,147.713867,3,3,3,House,House,False,840.0,m2,False
2017462753,listing,/14-backwater-court-paynesville-vic-3880-2017462753,780000,is-sold,Sold by private treaty 19 Jan 2022,20220119,14 Backwater Court,PAYNESVILLE,VIC,3880,-37.9161072,147.695084,2,2,2,House,House,False,600.0,m2,False
2017463413,listing,/23-lisa-court-raymond-island-vic-3880-2017463413,273000,is-sold,Sold by private treaty 03 Feb 2022,20220203,23 Lisa Court,RAYMOND ISLAND,VIC,3880,-37.9172745,147.733521,NaN,NaN,NaN,VacantLand,Vacant land,False,855.0,m2,False
2017466046,listing,/5-29-king-street-paynesville-vic-3880-2017466046,375000,is-sold,Sold by private treaty 14 Jan 2022,20220114,5/29 King Street,PAYNESVILLE,VIC,3880,-37.9155731,147.72139,2,2,2,ApartmentUnitFlat,Apartment / Unit / Flat,False,167.0,m2,False
2017466330,listing,/lot-2-1-admirals-quay-paynesville-vic-3880-2017466330,225000,is-sold,Sold by private treaty 13 Jan 2022,20220113,"Lot 2, 1 Admirals Quay",PAYNESVILLE,VIC,3880,-37.90773,147.723969,NaN,NaN,NaN,VacantLand,Vacant land,False,486.0,m2,False
2017483415,listing,/25-reynolds-street-paynesville-vic-3880-2017483415,541000,is-sold,Sold at auction 17 Jan 2022,20220117,25 Reynolds Street,PAYNESVILLE,VIC,3880,-37.91584,147.7158,3,3,3,House,House,False,662.0,m2,False
2017490165,listing,/4-caddie-court-paynesville-vic-3880-2017490165,590000,is-sold,Sold by private treaty 05 Jan 2022,20220105,4 Caddie Court,PAYNESVILLE,VIC,3880,-37.90277,147.712189,3,3,3,House,House,False,651.0,m2,False
2017491418,listing,/30-5-canal-road-paynesville-vic-3880-2017491418,360000,is-sold,Sold by private treaty 25 Jan 2022,20220125,30/5 Canal Road,PAYNESVILLE,VIC,3880,-37.90664,147.721985,2,2,2,House,House,False,0.0,m2,True
2017494972,listing,/44-eagle-bay-terrace-paynesville-vic-3880-2017494972,365000,is-sold,Sold by private treaty 11 Jan 2022,20220111,44 Eagle Bay Terrace,PAYNESVILLE,VIC,3880,-37.90005,147.7103,NaN,NaN,NaN,VacantLand,Vacant land,False,1068.0,m2,False
2017497500,listing,/67-langford-parade-paynesville-vic-3880-2017497500,569000,is-sold,Sold by private treaty 19 Jan 2022,20220119,67 Langford Parade,PAYNESVILLE,VIC,3880,-37.913372,147.720642,3,3,3,House,House,False,774.0,m2,False
2017498669,listing,/9-sheerwater-tce-paynesville-vic-3880-2017498669,1250000,is-sold,Sold by private treaty 12 Jan 2022,20220112,9 Sheerwater Tce,PAYNESVILLE,VIC,3880,-37.9120865,147.722366,3,3,3,House,House,False,987.0,m2,False
2017501274,listing,/5-the-moorings-paynesville-vic-3880-2017501274,589000,is-sold,Sold by private treaty 29 Jan 2022,20220129,5 The Moorings,PAYNESVILLE,VIC,3880,-37.9140739,147.721466,3,3,3,House,House,False,744.0,m2,False
2017501309,listing,/17b-bishop-view-paynesville-vic-3880-2017501309,567000,is-sold,Sold by private treaty 20 Jan 2022,20220120,17B Bishop View,PAYNESVILLE,VIC,3880,-37.91233,147.7098,3,3,3,House,House,False,491.0,m2,False
2017502342,listing,/15-bishop-view-paynesville-vic-3880-2017502342,690000,is-sold,Sold by private treaty 05 Jan 2022,20220105,15 Bishop View,PAYNESVILLE,VIC,3880,-37.91233,147.7098,4,4,4,House,House,False,932.0,m2,False
2017536808,listing,/8-the-crescent-paynesville-vic-3880-2017536808,590000,is-sold,Sold by private treaty 02 Feb 2022,20220202,8 The Crescent,PAYNESVILLE,VIC,3880,-37.9016953,147.711655,3,3,3,House,House,False,704.0,m2,False
2017546638,listing,/14-schooner-terrace-paynesville-vic-3880-2017546638,605500,is-sold,Sold by private treaty 02 Feb 2022,20220202,14 Schooner Terrace,PAYNESVILLE,VIC,3880,-37.9090347,147.7227,3,3,3,House,House,False,734.0,m2,False
2017639276,listing,/15-1-5-canal-road-paynesville-vic-3880-2017639276,370000,is-sold,Sold by private treaty 20 Jan 2022,20220120,15/1-5 Canal Road,PAYNESVILLE,VIC,3880,-37.9074936,147.721832,3,3,3,ApartmentUnitFlat,Apartment / Unit / Flat,False,0.0,m2,False
2017213930,listing,/51d-79-slip-road-paynesville-vic-3880-2017213930,Price Withheld,is-sold,Sold by private treaty 02 Dec 2021,20211202,51D/79 Slip Road,PAYNESVILLE,VIC,3880,-37.91139,147.726517,2,2,2,House,House,False,0.0,m2,False
2017227475,listing,/14-heaths-view-paynesville-vic-3880-2017227475,620000,is-sold,Sold by private treaty 23 Dec 2021,20211223,14 Heaths View,PAYNESVILLE,VIC,3880,-37.9054756,147.724945,NaN,NaN,NaN,VacantLand,Vacant land,False,837.0,m2,False
2017269716,listing,/3-14-lewis-place-paynesville-vic-3880-2017269716,740000,is-sold,Sold by private treaty 14 Dec 2021,20211214,3/14 Lewis Place,PAYNESVILLE,VIC,3880,-37.9066734,147.731033,3,3,3,House,House,False,303.0,m2,False
2017323237,listing,/villa-7-9-11-wellington-street-paynesville-vic-3880-2017323237,Price Withheld,is-sold,Sold by private treaty 22 Dec 2021,20211222,Villa 7/9-11 Wellington Street,PAYNESVILLE,VIC,3880,-37.91761,147.720978,3,3,3,ApartmentUnitFlat,Apartment / Unit / Flat,False,223.0,m2,False
2017336143,listing,/2-63-king-street-paynesville-vic-3880-2017336143,150000,is-sold,Sold by private treaty 29 Dec 2021,20211229,2/63 King Street,PAYNESVILLE,VIC,3880,-37.914875,147.715637,NaN,NaN,NaN,VacantLand,Vacant land,False,315.0,m2,False
2017359070,listing,/1-8-lewis-place-paynesville-vic-3880-2017359070,535000,is-sold,Sold by private treaty 02 Dec 2021,20211202,1/8 Lewis Place,PAYNESVILLE,VIC,3880,-37.9067039,147.730377,3,3,3,House,House,False,455.0,m2,False
2017393969,listing,/3-15-king-street-paynesville-vic-3880-2017393969,949000,is-sold,Sold by private treaty 05 Dec 2021,20211205,3/15 King Street,PAYNESVILLE,VIC,3880,-37.91609,147.7247,3,3,3,House,House,False,379.0,m2,False
2017403148,listing,/5-waratah-ave-paynesville-vic-3880-2017403148,492500,is-sold,Sold by private treaty 03 Dec 2021,20211203,5 Waratah Ave,PAYNESVILLE,VIC,3880,-37.9132423,147.712265,3,3,3,House,House,False,778.0,m2,False
2017403547,listing,/unit-2-42-cumming-st-paynesville-vic-3880-2017403547,519000,is-sold,Sold by private treaty 08 Dec 2021,20211208,Unit 2/42 Cumming St,PAYNESVILLE,VIC,3880,-37.90823,147.7195,3,3,3,House,House,False,484.0,m2,False
2017405808,listing,/24-schooner-terrace-paynesville-vic-3880-2017405808,665000,is-sold,Sold by private treaty 19 Dec 2021,20211219,24 Schooner Terrace,PAYNESVILLE,VIC,3880,-37.91055,147.72287,4,4,4,House,House,False,893.0,m2,False
2017406198,listing,/3-fort-king-place-paynesville-vic-3880-2017406198,980000,is-sold,Sold by private treaty 11 Dec 2021,20211211,3 Fort King Place,PAYNESVILLE,VIC,3880,-37.9072647,147.726746,3,3,3,House,House,False,748.0,m2,False
2017431099,listing,/25-waratah-avenue-paynesville-vic-3880-2017431099,457500,is-sold,Sold by private treaty 12 Dec 2021,20211212,25 Waratah Avenue,PAYNESVILLE,VIC,3880,-37.911396,147.713165,3,3,3,House,House,False,717.0,m2,False
2017433645,listing,/17-coast-avenue-paynesville-vic-3880-2017433645,484500,is-sold,Sold by private treaty 13 Dec 2021,20211213,17 Coast Avenue,PAYNESVILLE,VIC,3880,-37.90736,147.708588,4,4,4,House,House,False,676.0,m2,False
2017435263,listing,/34b-schooner-terrace-paynesville-vic-3880-2017435263,1250000,is-sold,Sold by private treaty 11 Dec 2021,20211211,34B Schooner Terrace,PAYNESVILLE,VIC,3880,-37.91087,147.7239,3,3,3,House,House,False,562.0,m2,False
2017444149,listing,/15-newton-close-paynesville-vic-3880-2017444149,540000,is-sold,Sold by private treaty 14 Dec 2021,20211214,15 Newton Close,PAYNESVILLE,VIC,3880,-37.9156036,147.710861,4,4,4,House,House,False,785.0,m2,False
2017445349,listing,/5-vaughan-street-paynesville-vic-3880-2017445349,275000,is-sold,Sold by private treaty 02 Dec 2021,20211202,5 Vaughan Street,PAYNESVILLE,VIC,3880,-37.9115,147.716949,3,3,3,House,House,False,766.0,m2,False
2017455391,listing,/8-19-toonalook-parade-paynesville-vic-3880-2017455391,300000,is-sold,Sold by private treaty 06 Dec 2021,20211206,8/19 Toonalook Parade,PAYNESVILLE,VIC,3880,-37.9174576,147.716385,2,2,2,House,House,False,203.0,m2,False
2017471314,listing,/133a-newlands-drive-paynesville-vic-3880-2017471314,1385000,is-sold,Sold by private treaty 14 Dec 2021,20211214,133A Newlands Drive,PAYNESVILLE,VIC,3880,-37.9158859,147.7031,4,4,4,House,House,False,2181.0,m2,False
2017608701,listing,/27-mcmillan-street-paynesville-vic-3880-2017608701,440000,is-sold,Sold by private treaty 20 Dec 2021,20211220,27 McMillan Street,PAYNESVILLE,VIC,3880,-37.9038239,147.729568,3,3,3,House,House,False,787.0,m2,False
2017652846,listing,/9-callistemon-court-paynesville-vic-3880-2017652846,495000,is-sold,Sold by private treaty 21 Dec 2021,20211221,9 Callistemon Court,PAYNESVILLE,VIC,3880,-37.9128952,147.7116,3,3,3,House,House,False,715.0,m2,False
2017082316,listing,/135-western-boulevard-raymond-island-vic-3880-2017082316,860000,is-sold,Sold by private treaty 12 Nov 2021,20211112,135 Western Boulevard,RAYMOND ISLAND,VIC,3880,-37.9102364,147.73262,4,4,4,House,House,False,795.0,m2,False
2017087670,listing,/49-western-boulevard-raymond-island-vic-3880-2017087670,890000,is-sold,Sold by private treaty 15 Nov 2021,20211115,49 Western Boulevard,RAYMOND ISLAND,VIC,3880,-37.916687,147.731277,3,3,3,House,House,False,1022.0,m2,False
2017169379,listing,/31-william-street-paynesville-vic-3880-2017169379,620000,is-sold,Sold by private treaty 23 Nov 2021,20211123,31 William Street,PAYNESVILLE,VIC,3880,-37.9102325,147.71669,3,3,3,House,House,False,890.0,m2,False
2017176362,listing,/40-wellington-street-paynesville-vic-3880-2017176362,469000,is-sold,Sold by private treaty 11 Nov 2021,20211111,40 Wellington Street,PAYNESVILLE,VIC,3880,-37.9152679,147.722748,4,4,4,House,House,False,1018.0,m2,False
2017256349,listing,/51-fullarton-drive-paynesville-vic-3880-2017256349,590000,is-sold,Sold by private treaty 23 Nov 2021,20211123,51 Fullarton Drive,PAYNESVILLE,VIC,3880,-37.90326,147.714371,3,3,3,House,House,False,800.0,m2,False
2017259834,listing,/112-113-79-slip-rd-paynesville-vic-3880-2017259834,Price Withheld,is-sold,Sold by private treaty 01 Dec 2021,20211201,112-113/79 Slip Rd,PAYNESVILLE,VIC,3880,-37.91139,147.726517,2,2,2,Villa,Villa,False,0.0,m2,False
2017265353,listing,/4-tambo-avenue-paynesville-vic-3880-2017265353,320000,is-sold,Sold by private treaty 10 Nov 2021,20211110,4 Tambo Avenue,PAYNESVILLE,VIC,3880,-37.9052277,147.727631,2,2,2,House,House,False,546.0,m2,False
2017280723,listing,/12-queen-street-paynesville-vic-3880-2017280723,450000,is-sold,Sold by private treaty 08 Nov 2021,20211108,12 Queen Street,PAYNESVILLE,VIC,3880,-37.9161835,147.712769,3,3,3,House,House,False,0.0,m2,False
2017296570,listing,/60-wellington-st-paynesville-vic-3880-2017296570,490000,is-sold,Sold by private treaty 17 Nov 2021,20211117,60 Wellington St,PAYNESVILLE,VIC,3880,-37.91365,147.7232,3,3,3,House,House,False,621.0,m2,False
2017305921,listing,/37-vaughan-street-paynesville-vic-3880-2017305921,362000,is-sold,Sold by private treaty 25 Nov 2021,20211125,37 Vaughan Street,PAYNESVILLE,VIC,3880,-37.909,147.717529,3,3,3,House,House,False,766.0,m2,False
2017343410,listing,/107-main-road-paynesville-vic-3880-2017343410,588000,is-sold,Sold by private treaty 22 Nov 2021,20211122,107 Main Road,PAYNESVILLE,VIC,3880,-37.9087677,147.720322,3,3,3,House,House,False,970.0,m2,False
2017364101,listing,/16-reynolds-street-paynesville-vic-3880-2017364101,435000,is-sold,Sold by private treaty 10 Nov 2021,20211110,16 Reynolds Street,PAYNESVILLE,VIC,3880,-37.9164772,147.71608,3,3,3,House,House,False,761.0,m2,False
2017377365,listing,/37-mcmillan-grove-paynesville-vic-3880-2017377365,420000,is-sold,Sold by private treaty 23 Nov 2021,20211123,37 McMillan Grove,PAYNESVILLE,VIC,3880,-37.90456,147.729889,2,2,2,House,House,False,530.0,m2,False
2017381315,listing,/28-coast-avenue-paynesville-vic-3880-2017381315,428000,is-sold,Sold by private treaty 09 Nov 2021,20211109,28 Coast Avenue,PAYNESVILLE,VIC,3880,-37.908287,147.708313,4,4,4,House,House,False,676.0,m2,False
2017393396,listing,/unit-43-5-canal-rd-paynesville-vic-3880-2017393396,340000,is-sold,Sold by private treaty 30 Nov 2021,20211130,Unit 43/5 Canal Rd,PAYNESVILLE,VIC,3880,-37.9068031,147.722519,2,2,2,ApartmentUnitFlat,Apartment / Unit / Flat,False,192.0,m2,False
2017397146,listing,/13-waratah-avenue-paynesville-vic-3880-2017397146,565000,is-sold,Sold by private treaty 23 Nov 2021,20211123,13 Waratah Avenue,PAYNESVILLE,VIC,3880,-37.91247,147.71254,3,3,3,House,House,False,762.0,m2,False
2017407363,listing,/1-24-26-langford-parade-paynesville-vic-3880-2017407363,275000,is-sold,Sold by private treaty 26 Nov 2021,20211126,1/24-26 Langford Parade,PAYNESVILLE,VIC,3880,-37.9161453,147.72049,2,2,2,ApartmentUnitFlat,Apartment / Unit / Flat,False,144.0,m2,False
2017436584,listing,/7b-wellington-street-paynesville-vic-3880-2017436584,590000,is-sold,Sold by private treaty 26 Nov 2021,20211126,7B Wellington Street,PAYNESVILLE,VIC,3880,-37.91805,147.721573,3,3,3,House,House,False,479.0,m2,False
2017441536,listing,/14-government-road-paynesville-vic-3880-2017441536,549000,is-sold,Sold by private treaty 30 Nov 2021,20211130,14 Government Road,PAYNESVILLE,VIC,3880,-37.9034462,147.72731,3,3,3,House,House,False,774.0,m2,False
2017452302,listing,/110-grandview-road-paynesville-vic-3880-2017452302,335000,is-sold,Sold by private treaty 24 Nov 2021,20211124,110 Grandview Road,PAYNESVILLE,VIC,3880,-37.9145927,147.695435,3,3,3,House,House,False,727.0,m2,False
2016935532,listing,/29-windermere-terrace-paynesville-vic-3880-2016935532,Price Withheld,is-sold,Sold by private treaty 11 Oct 2021,20211011,29 Windermere Terrace,PAYNESVILLE,VIC,3880,-37.90524,147.722137,NaN,NaN,NaN,VacantLand,Vacant land,False,396.0,m2,False
2017148717,listing,/6-mcmillan-grove-paynesville-vic-3880-2017148717,465000,is-sold,Sold by private treaty 06 Oct 2021,20211006,6 McMillan Grove,PAYNESVILLE,VIC,3880,-37.9040222,147.728043,3,3,3,House,House,False,695.0,m2,False
2017197787,listing,/site-19-4-14-gilsenan-street-paynesville-vic-3880-2017197787,Price Withheld,is-sold,Sold by private treaty 28 Oct 2021,20211028,Site 19/4-14 Gilsenan Street,PAYNESVILLE,VIC,3880,-37.9178429,147.714127,3,3,3,ApartmentUnitFlat,Apartment / Unit / Flat,False,0.0,m2,False
2017207879,listing,/5-araluen-court-paynesville-vic-3880-2017207879,1825000,is-sold,Sold by private treaty 19 Oct 2021,20211019,5 Araluen Court,PAYNESVILLE,VIC,3880,-37.9167328,147.7048,3,3,3,House,House,False,1552.0,m2,False
2017249472,listing,/19-currawong-close-raymond-island-vic-3880-2017249472,350000,is-sold,Sold by private treaty 28 Sep 2021,20210928,19 Currawong Close,RAYMOND ISLAND,VIC,3880,-37.91638,147.7331,3,3,3,House,House,False,531.0,m2,False
2017271271,listing,/67-fort-king-road-paynesville-vic-3880-2017271271,550000,is-sold,Sold by private treaty 08 Oct 2021,20211008,67 Fort King Road,PAYNESVILLE,VIC,3880,-37.9066353,147.728546,3,3,3,House,House,False,539.0,m2,False
2017287420,listing,/26-fullarton-drive-paynesville-vic-3880-2017287420,715000,is-sold,Sold by private treaty 08 Oct 2021,20211008,26 Fullarton Drive,PAYNESVILLE,VIC,3880,-37.90454,147.716431,3,3,3,House,House,False,715.0,m2,False
2017298480,listing,/4-main-road-paynesville-vic-3880-2017298480,595000,is-sold,Sold by private treaty 22 Oct 2021,20211022,4 Main Road,PAYNESVILLE,VIC,3880,-37.918335,147.718536,3,3,3,House,House,False,1080.0,m2,False
2017313832,listing,/12-jim-way-paynesville-vic-3880-2017313832,468500,is-sold,Sold by private treaty 25 Oct 2021,20211025,12 Jim Way,PAYNESVILLE,VIC,3880,-37.9065666,147.707031,4,4,4,House,House,False,820.0,m2,False
2017320166,listing,/56-tenth-avenue-raymond-island-vic-3880-2017320166,435000,is-sold,Sold by private treaty 28 Oct 2021,20211028,56 Tenth Avenue,RAYMOND ISLAND,VIC,3880,-37.92152,147.729813,2,2,2,House,House,False,874.0,m2,False
2017325481,listing,/55-fort-king-road-paynesville-vic-3880-2017325481,402000,is-sold,Sold by private treaty 25 Oct 2021,20211025,55 Fort King Road,PAYNESVILLE,VIC,3880,-37.9064751,147.7275,3,3,3,House,House,False,557.0,m2,False
2017333053,listing,/78-ashley-street-paynesville-vic-3880-2017333053,350000,is-sold,Sold by private treaty 28 Oct 2021,20211028,78 Ashley Street,PAYNESVILLE,VIC,3880,-37.91017,147.711472,NaN,NaN,NaN,VacantLand,Vacant land,False,1146.0,m2,False
2017344351,listing,/villa-4-1-5-canal-road-paynesville-vic-3880-2017344351,Price Withheld,is-sold,Sold by private treaty 21 Oct 2021,20211021,Villa 4/1-5 Canal Road,PAYNESVILLE,VIC,3880,-37.9074936,147.721832,2,2,2,ApartmentUnitFlat,Apartment / Unit / Flat,False,0.0,m2,False
2017357493,listing,/39-coast-avenue-paynesville-vic-3880-2017357493,480000,is-sold,Sold by private treaty 26 Oct 2021,20211026,39 Coast Avenue,PAYNESVILLE,VIC,3880,-37.9091873,147.709091,4,4,4,House,House,False,653.0,m2,False
2017359694,listing,/9-rex-street-paynesville-vic-3880-2017359694,580000,is-sold,Sold by private treaty 05 Nov 2021,20211105,9 Rex Street,PAYNESVILLE,VIC,3880,-37.916008,147.714249,4,4,4,House,House,False,1012.0,m2,False
2017359739,listing,/18-the-grange-paynesville-vic-3880-2017359739,595000,is-sold,Sold by private treaty 05 Nov 2021,20211105,18 The Grange,PAYNESVILLE,VIC,3880,-37.90726,147.713821,3,3,3,House,House,False,601.0,m2,False
2017363279,listing,/13-jim-way-paynesville-vic-3880-2017363279,475000,is-sold,Sold by private treaty 28 Oct 2021,20211028,13 Jim Way,PAYNESVILLE,VIC,3880,-37.9073334,147.707458,4,4,4,House,House,False,750.0,m2,False
2017368873,listing,/25-tea-tree-lane-raymond-island-vic-3880-2017368873,1370000,is-sold,Sold by private treaty 05 Nov 2021,20211105,25 Tea Tree Lane,RAYMOND ISLAND,VIC,3880,-37.8968468,147.769928,5,5,5,House,House,True,7.69,ha,False
2017369335,listing,/50-wellington-st-paynesville-vic-3880-2017369335,440000,is-sold,Sold by private treaty 05 Nov 2021,20211105,50 Wellington St,PAYNESVILLE,VIC,3880,-37.914402,147.723022,3,3,3,House,House,False,745.0,m2,False
2017371496,listing,/69-fort-king-road-paynesville-vic-3880-2017371496,490000,is-sold,Sold by private treaty 05 Nov 2021,20211105,69 Fort King Road,PAYNESVILLE,VIC,3880,-37.90665,147.728729,3,3,3,House,House,False,566.0,m2,False
2016873789,listing,/41-coast-avenue-paynesville-vic-3880-2016873789,435000,is-sold,Sold by private treaty 19 Aug 2021,20210819,41 Coast Avenue,PAYNESVILLE,VIC,3880,-37.90935,147.709152,4,4,4,House,House,False,643.0,m2,False
2016917344,listing,/31-gravelly-point-road-raymond-island-vic-3880-2016917344,Price Withheld,is-sold,Sold by private treaty 03 Sep 2021,20210903,31 Gravelly Point Road,RAYMOND ISLAND,VIC,3880,-37.9120522,147.736053,NaN,NaN,NaN,VacantLand,Vacant land,True,2.2,ha,False
2016953782,listing,/7-15-mitchell-street-paynesville-vic-3880-2016953782,755000,is-sold,Sold by private treaty 18 Aug 2021,20210818,7/15 Mitchell Street,PAYNESVILLE,VIC,3880,-37.9151154,147.724564,3,3,3,House,House,False,285.0,m2,False
2016964005,listing,/7-3-erickson-lane-paynesville-vic-3880-2016964005,515000,is-sold,Sold by private treaty 19 Aug 2021,20210819,7/3 Erickson Lane,PAYNESVILLE,VIC,3880,-37.91877,147.720978,2,2,2,House,House,False,0.0,m2,False
2016996614,listing,/162-newlands-drive-paynesville-vic-3880-2016996614,575000,is-sold,Sold by private treaty 27 Aug 2021,20210827,162 Newlands Drive,PAYNESVILLE,VIC,3880,-37.91497,147.700455,4,4,4,House,House,False,934.0,m2,False
2017037288,listing,/107-slip-road-paynesville-vic-3880-2017037288,1000000,is-sold,Sold by private treaty 06 Sep 2021,20210906,107 Slip Road,PAYNESVILLE,VIC,3880,-37.90942,147.726349,4,4,4,House,House,False,700.0,m2,False
2017135565,listing,/35-gilsenan-street-paynesville-vic-3880-2017135565,819000,is-sold,Sold by private treaty 14 Sep 2021,20210914,35 Gilsenan Street,PAYNESVILLE,VIC,3880,-37.9183121,147.71109,4,4,4,House,House,False,1205.0,m2,False
2017143843,listing,/8-mcmillan-grove-paynesville-vic-3880-2017143843,390000,is-sold,Sold by private treaty 06 Sep 2021,20210906,8 McMillan Grove,PAYNESVILLE,VIC,3880,-37.90389,147.728226,3,3,3,House,House,False,714.0,m2,False
2017147172,listing,/3-windjammer-ct-paynesville-vic-3880-2017147172,1230000,is-sold,Sold by private treaty 23 Aug 2021,20210823,3 Windjammer Ct,PAYNESVILLE,VIC,3880,-37.9108467,147.725525,3,3,3,House,House,False,1270.0,m2,False
2017153447,listing,/17b-windjammer-court-paynesville-vic-3880-2017153447,1100000,is-sold,Sold by private treaty 01 Sep 2021,20210901,17B Windjammer Court,PAYNESVILLE,VIC,3880,-37.9094,147.725861,3,3,3,House,House,False,884.0,m2,False
2017160114,listing,/33a-bedggood-grove-paynesville-vic-3880-2017160114,225000,is-sold,Sold by private treaty 25 Aug 2021,20210825,33A Bedggood Grove,PAYNESVILLE,VIC,3880,-37.91126,147.712326,NaN,NaN,NaN,VacantLand,Vacant land,False,855.0,m2,False
2017176117,listing,/23-main-road-paynesville-vic-3880-2017176117,460000,is-sold,Sold by private treaty 20 Aug 2021,20210820,23 Main Road,PAYNESVILLE,VIC,3880,-37.9171371,147.718369,3,3,3,House,House,False,971.0,m2,False
2017187277,listing,/19-magnetic-rtt-paynesville-vic-3880-2017187277,789950,is-sold,Sold by private treaty 01 Sep 2021,20210901,19 Magnetic Rtt,PAYNESVILLE,VIC,3880,-37.90462,147.723969,4,4,4,House,House,False,511.0,m2,False
2017195281,listing,/6-3-erickson-lane-paynesville-vic-3880-2017195281,515000,is-sold,Sold by private treaty 23 Sep 2021,20210923,6/3 Erickson Lane,PAYNESVILLE,VIC,3880,-37.91877,147.720978,2,2,2,ApartmentUnitFlat,Apartment / Unit / Flat,False,0.0,m2,False
2017195814,listing,/3-1-windjammer-court-paynesville-vic-3880-2017195814,462500,is-sold,Sold by private treaty 03 Sep 2021,20210903,3/1 Windjammer Court,PAYNESVILLE,VIC,3880,-37.9110031,147.725586,2,2,2,ApartmentUnitFlat,Apartment / Unit / Flat,False,0.0,m2,False
2017197592,listing,/1-alice-court-paynesville-vic-3880-2017197592,443500,is-sold,Sold by private treaty 04 Sep 2021,20210904,1 Alice Court,PAYNESVILLE,VIC,3880,-37.9061775,147.708,4,4,4,House,House,False,700.0,m2,False
2017208211,listing,/18-the-point-paynesville-vic-3880-2017208211,512000,is-sold,Sold by private treaty 31 Aug 2021,20210831,18 The Point,PAYNESVILLE,VIC,3880,-37.904068,147.726028,NaN,NaN,NaN,VacantLand,Vacant land,False,470.0,m2,False
2017208985,listing,/39-toonalook-parade-paynesville-vic-3880-2017208985,430000,is-sold,Sold by private treaty 19 Aug 2021,20210819,39 Toonalook Parade,PAYNESVILLE,VIC,3880,-37.9154739,147.717484,3,3,3,House,House,False,0.0,m2,False
2017254110,listing,/40-ashley-street-paynesville-vic-3880-2017254110,425000,is-sold,Sold by private treaty 20 Sep 2021,20210920,40 Ashley Street,PAYNESVILLE,VIC,3880,-37.91138,147.715332,3,3,3,House,House,False,850.0,m2,False
2017440687,listing,/7-the-crescent-paynesville-vic-3880-2017440687,535000,is-sold,Sold by private treaty 23 Sep 2021,20210923,7 The Crescent,PAYNESVILLE,VIC,3880,-37.90209,147.711792,4,4,4,House,House,False,754.0,m2,False
2016889513,listing,/3-nautilus-close-paynesville-vic-3880-2016889513,840000,is-sold,Sold by private treaty 21 Jul 2021,20210721,3 Nautilus Close,PAYNESVILLE,VIC,3880,-37.90534,147.730789,4,4,4,House,House,False,519.0,m2,False
2016907050,listing,/18-2-8-victoria-street-paynesville-vic-3880-2016907050,350000,is-sold,Sold by private treaty 11 Aug 2021,20210811,18/2-8 Victoria Street,PAYNESVILLE,VIC,3880,-37.9175072,147.7255,2,2,2,ApartmentUnitFlat,Apartment / Unit / Flat,False,0.0,m2,False
2016910876,listing,/lot-2-34-driftwood-close-paynesville-vic-3880-2016910876,Price Withheld,is-sold,Sold by private treaty 15 Jul 2021,20210715,Lot 2-34 Driftwood Close,PAYNESVILLE,VIC,3880,-37.9027824,147.726135,NaN,NaN,NaN,VacantLand,Vacant land,False,415.0,m2,False
2016998707,listing,/186-newlands-drive-paynesville-vic-3880-2016998707,799000,is-sold,Sold by private treaty 16 Jul 2021,20210716,186 Newlands Drive,PAYNESVILLE,VIC,3880,-37.9149361,147.697769,4,4,4,House,House,False,1012.0,m2,False
2017013258,listing,/14-fort-king-place-paynesville-vic-3880-2017013258,1420000,is-sold,Sold by private treaty 20 Jul 2021,20210720,14 Fort King Place,PAYNESVILLE,VIC,3880,-37.90671,147.726334,4,4,4,House,House,False,745.0,m2,False
2017022895,listing,/25-fullarton-dr-paynesville-vic-3880-2017022895,650000,is-sold,Sold by private treaty 18 Aug 2021,20210818,25 Fullarton Dr,PAYNESVILLE,VIC,3880,-37.90499,147.716217,3,3,3,House,House,False,839.0,m2,False
2017025183,listing,/82b-main-road-paynesville-vic-3880-2017025183,Price Withheld,is-sold,Sold by private treaty 22 Jul 2021,20210722,82B Main Road,PAYNESVILLE,VIC,3880,-37.91222,147.719986,NaN,NaN,NaN,VacantLand,Vacant land,False,501.0,m2,False
2017037642,listing,/10-main-road-paynesville-vic-3880-2017037642,450000,is-sold,Sold by private treaty 11 Aug 2021,20210811,10 Main Road,PAYNESVILLE,VIC,3880,-37.9178963,147.718628,3,3,3,House,House,False,0.0,m2,False
2017041757,listing,/64-tenth-avenue-raymond-island-vic-3880-2017041757,770000,is-sold,Sold by private treaty 15 Jul 2021,20210715,64 Tenth Avenue,RAYMOND ISLAND,VIC,3880,-37.9203148,147.730133,3,3,3,House,House,False,1429.0,m2,False
2017043911,listing,/7-1-5-canal-road-paynesville-vic-3880-2017043911,322000,is-sold,Sold by private treaty 04 Aug 2021,20210804,7/1-5 Canal Road,PAYNESVILLE,VIC,3880,-37.9074936,147.721832,2,2,2,ApartmentUnitFlat,Apartment / Unit / Flat,False,0.0,m2,True
2017044450,listing,/28-gilsenan-street-paynesville-vic-3880-2017044450,495000,is-sold,Sold by private treaty 08 Aug 2021,20210808,28 Gilsenan Street,PAYNESVILLE,VIC,3880,-37.91763,147.711731,4,4,4,House,House,False,1222.0,m2,False
2017047910,listing,/320-gravelly-point-road-raymond-island-vic-3880-2017047910,675000,is-sold,Sold by private treaty 14 Jul 2021,20210714,320 Gravelly Point Road,RAYMOND ISLAND,VIC,3880,-37.9068871,147.7653,5,5,5,House,House,True,1.7,ha,False
2017051843,listing,/7-jim-way-paynesville-vic-3880-2017051843,450000,is-sold,Sold by private treaty 29 Jul 2021,20210729,7 Jim Way,PAYNESVILLE,VIC,3880,-37.90682,147.707565,4,4,4,House,House,False,566.0,m2,False
2017103770,listing,/55-cumming-street-paynesville-vic-3880-2017103770,362500,is-sold,Sold by private treaty 17 Aug 2021,20210817,55 Cumming Street,PAYNESVILLE,VIC,3880,-37.90785,147.719131,2,2,2,House,House,False,799.0,m2,False
2017132780,listing,/1-30-queen-street-paynesville-vic-3880-2017132780,385000,is-sold,Sold by private treaty 25 Jul 2021,20210725,1/30 Queen Street,PAYNESVILLE,VIC,3880,-37.9148674,147.713608,2,2,2,ApartmentUnitFlat,Apartment / Unit / Flat,False,0.0,m2,False
2017134335,listing,/85-main-road-paynesville-vic-3880-2017134335,425000,is-sold,Sold by private treaty 10 Aug 2021,20210810,85 Main Road,PAYNESVILLE,VIC,3880,-37.91088,147.7198,3,3,3,House,House,False,1012.0,m2,False
2017137374,listing,/14-smallman-court-paynesville-vic-3880-2017137374,449000,is-sold,Sold by private treaty 12 Aug 2021,20210812,14 Smallman Court,PAYNESVILLE,VIC,3880,-37.90857,147.7073,3,3,3,House,House,False,476.0,m2,False
2017166843,listing,/3-2-canal-road-paynesville-vic-3880-2017166843,290000,is-sold,Sold by private treaty 10 Aug 2021,20210810,3/2 Canal Road,PAYNESVILLE,VIC,3880,-37.90776,147.721375,2,2,2,ApartmentUnitFlat,Apartment / Unit / Flat,False,0.0,m2,False
2017197894,listing,/18-cumming-street-paynesville-vic-3880-2017197894,410000,is-sold,Sold by private treaty 03 Aug 2021,20210803,18 Cumming Street,PAYNESVILLE,VIC,3880,-37.9106026,147.718948,3,3,3,House,House,False,1000.0,m2,False
2017213453,listing,/21-4-14-gilsenan-st-paynesville-vic-3880-2017213453,2250000,is-sold,Sold by private treaty 10 Aug 2021,20210810,21/4-14 Gilsenan St,PAYNESVILLE,VIC,3880,-37.9178429,147.714127,1,1,1,Villa,Villa,False,0.0,m2,False
2016406642,listing,/lot-45-king-street-paynesville-vic-3880-2016406642,Price Withheld,is-sold,Sold by private treaty 28 Jun 2021,20210628,Lot 45 King Street,PAYNESVILLE,VIC,3880,-37.9150124,147.718353,NaN,NaN,NaN,VacantLand,Vacant land,False,882.0,m2,False
2016406643,listing,/lot-48-bedggood-grove-paynesville-vic-3880-2016406643,Price Withheld,is-sold,Sold by private treaty 28 Jun 2021,20210628,Lot 48 Bedggood Grove,PAYNESVILLE,VIC,3880,-37.91126,147.712326,NaN,NaN,NaN,VacantLand,Vacant land,False,600.0,m2,False
2016406645,listing,/lot-66-bedggood-grove-paynesville-vic-3880-2016406645,Price Withheld,is-sold,Sold by private treaty 28 Jun 2021,20210628,Lot 66 Bedggood Grove,PAYNESVILLE,VIC,3880,-37.91126,147.712326,NaN,NaN,NaN,VacantLand,Vacant land,False,1232.0,m2,False
2016406696,listing,/lot-69-bedggood-grove-paynesville-vic-3880-2016406696,Price Withheld,is-sold,Sold by private treaty 28 Jun 2021,20210628,Lot 69 Bedggood Grove,PAYNESVILLE,VIC,3880,-37.91126,147.712326,NaN,NaN,NaN,VacantLand,Vacant land,False,842.0,m2,False
2016407046,listing,/lot-47-king-street-paynesville-vic-3880-2016407046,Price Withheld,is-sold,Sold by private treaty 28 Jun 2021,20210628,Lot 47 King Street,PAYNESVILLE,VIC,3880,-37.9150124,147.718353,NaN,NaN,NaN,VacantLand,Vacant land,False,637.0,m2,False
2016407047,listing,/lot-51-bedggood-grove-paynesville-vic-3880-2016407047,Price Withheld,is-sold,Sold by private treaty 28 Jun 2021,20210628,Lot 51 Bedggood Grove,PAYNESVILLE,VIC,3880,-37.91126,147.712326,NaN,NaN,NaN,VacantLand,Vacant land,False,840.0,m2,False
2016478593,listing,/lot-64-bedggood-grove-paynesville-vic-3880-2016478593,Price Withheld,is-sold,Sold by private treaty 28 Jun 2021,20210628,Lot 64 Bedggood Grove,PAYNESVILLE,VIC,3880,-37.91126,147.712326,NaN,NaN,NaN,VacantLand,Vacant land,False,855.0,m2,False
2016478724,listing,/lot-52-bedggood-grove-paynesville-vic-3880-2016478724,Price Withheld,is-sold,Sold by private treaty 28 Jun 2021,20210628,Lot 52 Bedggood Grove,PAYNESVILLE,VIC,3880,-37.91126,147.712326,NaN,NaN,NaN,VacantLand,Vacant land,False,840.0,m2,False
2016479347,listing,/lot-68-bedggood-grove-paynesville-vic-3880-2016479347,Price Withheld,is-sold,Sold by private treaty 28 Jun 2021,20210628,Lot 68 Bedggood Grove,PAYNESVILLE,VIC,3880,-37.91126,147.712326,NaN,NaN,NaN,VacantLand,Vacant land,False,804.0,m2,False
2016676082,listing,/lot-67-bedggood-grove-paynesville-vic-3880-2016676082,Price Withheld,is-sold,Sold by private treaty 28 Jun 2021,20210628,Lot 67 Bedggood Grove,PAYNESVILLE,VIC,3880,-37.91126,147.712326,NaN,NaN,NaN,VacantLand,Vacant land,False,804.0,m2,False
2016676086,listing,/lot-70-bedggood-grove-paynesville-vic-3880-2016676086,Price Withheld,is-sold,Sold by private treaty 05 Jul 2021,20210705,Lot 70 Bedggood Grove,PAYNESVILLE,VIC,3880,-37.91126,147.712326,NaN,NaN,NaN,VacantLand,Vacant land,False,475.0,m2,False
2016676158,listing,/lot-62-bedggood-grove-paynesville-vic-3880-2016676158,Price Withheld,is-sold,Sold by private treaty 28 Jun 2021,20210628,Lot 62 Bedggood Grove,PAYNESVILLE,VIC,3880,-37.91126,147.712326,NaN,NaN,NaN,VacantLand,Vacant land,False,855.0,m2,False
2016676226,listing,/lot-49-bedggood-grove-paynesville-vic-3880-2016676226,Price Withheld,is-sold,Sold by private treaty 28 Jun 2021,20210628,Lot 49 Bedggood Grove,PAYNESVILLE,VIC,3880,-37.91126,147.712326,NaN,NaN,NaN,VacantLand,Vacant land,False,432.0,m2,False
2016923300,listing,/10-canal-road-paynesville-vic-3880-2016923300,465000,is-sold,Sold by private treaty 30 Jun 2021,20210630,10 Canal Road,PAYNESVILLE,VIC,3880,-37.9079132,147.722382,4,4,4,House,House,False,694.0,m2,False
2016981955,listing,/unit-35-5-canal-rd-paynesville-vic-3880-2016981955,299000,is-sold,Sold by private treaty 30 Jun 2021,20210630,Unit 35/5 Canal Rd,PAYNESVILLE,VIC,3880,-37.9069023,147.721573,2,2,2,ApartmentUnitFlat,Apartment / Unit / Flat,False,150.0,m2,True
2017058680,listing,/9-riviera-close-paynesville-vic-3880-2017058680,305000,is-sold,Sold by private treaty 01 Jul 2021,20210701,9 Riviera Close,PAYNESVILLE,VIC,3880,-37.9092979,147.712677,NaN,NaN,NaN,VacantLand,Vacant land,False,1285.0,m2,False
2017087601,listing,/66-langford-pde-paynesville-vic-3880-2017087601,440000,is-sold,Sold by private treaty 07 Jul 2021,20210707,66 Langford Pde,PAYNESVILLE,VIC,3880,-37.91281,147.7212,3,3,3,House,House,False,540.0,m2,False
2017097032,listing,/10-magnetic-rtt-paynesville-vic-3880-2017097032,179000,is-sold,Sold by private treaty 08 Jul 2021,20210708,10 Magnetic Rtt,PAYNESVILLE,VIC,3880,-37.9053421,147.723648,NaN,NaN,NaN,VacantLand,Vacant land,False,542.0,m2,False
2017125074,listing,/23-cumming-street-paynesville-vic-3880-2017125074,359000,is-sold,Sold by private treaty 13 Jul 2021,20210713,23 Cumming Street,PAYNESVILLE,VIC,3880,-37.91015,147.718567,3,3,3,House,House,False,776.0,m2,False
2017141528,listing,/28-eleventh-parade-raymond-island-vic-3880-2017141528,962500,is-sold,Sold by private treaty 11 Jul 2021,20210711,28 Eleventh Parade,RAYMOND ISLAND,VIC,3880,-37.9182472,147.734024,4,4,4,AcreageSemiRural,Acreage / Semi-Rural,True,2.32,ha,False
2016407008,listing,/lot-63-bedggood-grove-paynesville-vic-3880-2016407008,Price Withheld,is-sold,Sold by private treaty 28 Jun 2021,20210628,Lot 63 Bedggood Grove,PAYNESVILLE,VIC,3880,-37.91126,147.712326,NaN,NaN,NaN,VacantLand,Vacant land,False,855.0,m2,False
2016676085,listing,/lot-50-bedggood-grove-paynesville-vic-3880-2016676085,Price Withheld,is-sold,Sold by private treaty 28 Jun 2021,20210628,Lot 50 Bedggood Grove,PAYNESVILLE,VIC,3880,-37.91126,147.712326,NaN,NaN,NaN,VacantLand,Vacant land,False,528.0,m2,False
2016676122,listing,/lot-65-bedggood-grove-paynesville-vic-3880-2016676122,Price Withheld,is-sold,Sold by private treaty 28 Jun 2021,20210628,Lot 65 Bedggood Grove,PAYNESVILLE,VIC,3880,-37.91126,147.712326,NaN,NaN,NaN,VacantLand,Vacant land,False,855.0,m2,False
2016724701,listing,/123b-newlands-dr-paynesville-vic-3880-2016724701,650000,is-sold,Sold by private treaty 17 Jun 2021,20210617,123B Newlands Dr,PAYNESVILLE,VIC,3880,-37.9163055,147.704651,4,4,4,House,House,False,1289.0,m2,False
2016831613,listing,/lot-71-bedggood-grove-paynesville-vic-3880-2016831613,Price Withheld,is-sold,Sold by private treaty 28 Jun 2021,20210628,Lot 71 Bedggood Grove,PAYNESVILLE,VIC,3880,-37.91126,147.712326,NaN,NaN,NaN,VacantLand,Vacant land,False,559.0,m2,False
2016846739,listing,/45-gravelly-point-road-raymond-island-vic-3880-2016846739,510000,is-sold,Sold by private treaty 21 Jun 2021,20210621,45 Gravelly Point Road,RAYMOND ISLAND,VIC,3880,-37.912178,147.736145,2,2,2,House,House,True,2.95,ha,False
2016885565,listing,/93-king-street-paynesville-vic-3880-2016885565,415000,is-sold,Sold by private treaty 08 Jun 2021,20210608,93 King Street,PAYNESVILLE,VIC,3880,-37.9140549,147.712082,3,3,3,House,House,False,692.0,m2,False
2016886513,listing,/8-15-mitchell-street-paynesville-vic-3880-2016886513,760000,is-sold,Sold by private treaty 23 Jun 2021,20210623,8/15 Mitchell Street,PAYNESVILLE,VIC,3880,-37.91503,147.72464,3,3,3,House,House,False,0.0,m2,False
2016928606,listing,/81-fort-king-road-paynesville-vic-3880-2016928606,585000,is-sold,Sold by private treaty 05 Jun 2021,20210605,81 Fort King Road,PAYNESVILLE,VIC,3880,-37.90721,147.73024,3,3,3,House,House,False,800.0,m2,False
2016967945,listing,/34-vaughan-street-paynesville-vic-3880-2016967945,330000,is-sold,Sold by private treaty 02 Jun 2021,20210602,34 Vaughan Street,PAYNESVILLE,VIC,3880,-37.90933,147.7179,2,2,2,House,House,False,800.0,m2,False
2016979000,listing,/4-ah-yee-place-paynesville-vic-3880-2016979000,430000,is-sold,Sold by private treaty 04 Jun 2021,20210604,4 Ah Yee Place,PAYNESVILLE,VIC,3880,-37.9062538,147.70903,4,4,4,House,House,False,641.0,m2,False
2017019913,listing,/41-fullarton-drive-paynesville-vic-3880-2017019913,290000,is-sold,Sold by private treaty 14 Jun 2021,20210614,41 Fullarton Drive,PAYNESVILLE,VIC,3880,-37.9041,147.715027,NaN,NaN,NaN,VacantLand,Vacant land,False,720.0,m2,False
2017029178,listing,/1-119-langford-parade-paynesville-vic-3880-2017029178,420000,is-sold,Sold by private treaty 23 Jun 2021,20210623,1/119 Langford Parade,PAYNESVILLE,VIC,3880,-37.9083939,147.7218,3,3,3,House,House,False,296.0,m2,False
2017037034,listing,/13-marina-drive-paynesville-vic-3880-2017037034,485000,is-sold,Sold by private treaty 23 Jun 2021,20210623,13 Marina Drive,PAYNESVILLE,VIC,3880,-37.9038353,147.730209,3,3,3,House,House,False,533.0,m2,False
2017037904,listing,/13-waratah-avenue-paynesville-vic-3880-2017037904,455000,is-sold,Sold by private treaty 06 Jun 2021,20210606,13 Waratah Avenue,PAYNESVILLE,VIC,3880,-37.91247,147.71254,3,3,3,House,House,False,762.0,m2,False
2017057045,listing,/29-sixth-avenue-raymond-island-vic-3880-2017057045,425000,is-sold,Sold by private treaty 25 Jun 2021,20210625,29 Sixth Avenue,RAYMOND ISLAND,VIC,3880,-37.9236031,147.72699,3,3,3,House,House,False,807.0,m2,False
2017074253,listing,/40-sixth-avenue-raymond-island-vic-3880-2017074253,560000,is-sold,Sold by private treaty 11 Jun 2021,20210611,40 Sixth Avenue,RAYMOND ISLAND,VIC,3880,-37.9230537,147.7266,3,3,3,House,House,False,1016.0,m2,False
2017084093,listing,/7-waterloo-court-paynesville-vic-3880-2017084093,950000,is-sold,Sold by private treaty 17 Jun 2021,20210617,7 Waterloo Court,PAYNESVILLE,VIC,3880,-37.91387,147.724014,3,3,3,House,House,False,673.0,m2,False
2017084699,listing,/81-western-boulevard-raymond-island-vic-3880-2017084699,669000,is-sold,Sold by private treaty 27 Jun 2021,20210627,81 Western Boulevard,RAYMOND ISLAND,VIC,3880,-37.91443,147.732071,3,3,3,House,House,False,855.0,m2,False
2017141072,listing,/7-currawong-close-raymond-island-vic-3880-2017141072,740000,is-sold,Sold by private treaty 04 Jun 2021,20210604,7. Currawong Close,RAYMOND ISLAND,VIC,3880,-37.91625,147.732544,3,3,3,House,House,False,568.0,m2,False
2013370462,listing,/120b-grandview-road-paynesville-vic-3880-2013370462,Price Withheld,is-sold,Sold by private treaty 02 Jun 2021,20210602,120B Grandview Road,PAYNESVILLE,VIC,3880,-37.91499,147.695374,NaN,NaN,NaN,VacantLand,Vacant land,False,5900.0,m2,False
2016717267,listing,/lot-5-jubilee-head-boole-poole-vic-3880-2016717267,Price Withheld,is-sold,Sold by private treaty 31 May 2021,20210531,Lot 5 Jubilee Head,BOOLE POOLE,VIC,3880,-37.9340744,147.813354,2,2,2,House,House,False,0.0,m2,False
2016738170,listing,/43-wellington-street-paynesville-vic-3880-2016738170,455000,is-sold,Sold by private treaty 08 May 2021,20210508,43 Wellington Street,PAYNESVILLE,VIC,3880,-37.9144058,147.7225,4,4,4,House,House,False,711.0,m2,False
2016782282,listing,/unit-36-5-canal-rd-paynesville-vic-3880-2016782282,290000,is-sold,Sold by private treaty 07 May 2021,20210507,Unit 36/5 Canal Rd,PAYNESVILLE,VIC,3880,-37.9070129,147.721481,2,2,2,ApartmentUnitFlat,Apartment / Unit / Flat,False,140.0,m2,True
2016865038,listing,/10-eaton-pl-paynesville-vic-3880-2016865038,474000,is-sold,Sold by private treaty 04 May 2021,20210504,10 Eaton Pl,PAYNESVILLE,VIC,3880,-37.914753,147.72229,3,3,3,House,House,False,358.0,m2,False
2016881493,listing,/7-headland-terrace-paynesville-vic-3880-2016881493,750000,is-sold,Sold by private treaty 16 May 2021,20210516,7 Headland Terrace,PAYNESVILLE,VIC,3880,-37.9085159,147.724182,4,4,4,House,House,False,1042.0,m2,False
2016907300,listing,/1-windermere-terrace-paynesville-vic-3880-2016907300,1024650,is-sold,Sold by private treaty 12 May 2021,20210512,1 Windermere Terrace,PAYNESVILLE,VIC,3880,-37.9047127,147.719482,3,3,3,House,House,False,1076.0,m2,False
2016907921,listing,/lot-7-190-newlands-drive-paynesville-vic-3880-2016907921,210000,is-sold,Sold by private treaty 04 May 2021,20210504,"Lot 7, 190 Newlands Drive",PAYNESVILLE,VIC,3880,-37.915123,147.6967,NaN,NaN,NaN,VacantLand,Vacant land,False,1022.0,m2,False
2016939983,listing,/16-coast-avenue-paynesville-vic-3880-2016939983,435000,is-sold,Sold by private treaty 06 May 2021,20210506,16 Coast Avenue,PAYNESVILLE,VIC,3880,-37.9072723,147.708115,4,4,4,House,House,False,695.0,m2,False
2016974866,listing,/villa-18-9-11-wellington-street-paynesville-vic-3880-2016974866,Price Withheld,is-sold,Sold by private treaty 05 May 2021,20210505,Villa 18/9-11 Wellington Street,PAYNESVILLE,VIC,3880,-37.91761,147.720978,2,2,2,ApartmentUnitFlat,Apartment / Unit / Flat,False,175.0,m2,False
2016976484,listing,/16-jim-way-paynesville-vic-3880-2016976484,399000,is-sold,Sold by private treaty 27 May 2021,20210527,16 Jim Way,PAYNESVILLE,VIC,3880,-37.9069176,147.707184,4,4,4,House,House,False,632.0,m2,False
2016985748,listing,/96-langford-parade-paynesville-vic-3880-2016985748,400000,is-sold,Sold by private treaty 26 May 2021,20210526,96 Langford Parade,PAYNESVILLE,VIC,3880,-37.9104958,147.721725,3,3,3,House,House,False,541.0,m2,False
2016991846,listing,/60-wellington-st-paynesville-vic-3880-2016991846,470000,is-sold,Sold by private treaty 13 May 2021,20210513,60 Wellington St,PAYNESVILLE,VIC,3880,-37.91365,147.7232,3,3,3,House,House,False,620.0,m2,False
2017012785,listing,/81-main-road-paynesville-vic-3880-2017012785,290000,is-sold,Sold by private treaty 01 Jun 2021,20210601,81 Main Road,PAYNESVILLE,VIC,3880,-37.911232,147.719681,2,2,2,House,House,False,1012.0,m2,False
2017014987,listing,/lot-3-190-newlands-drive-paynesville-vic-3880-2017014987,210000,is-sold,Sold by private treaty 04 May 2021,20210504,"Lot 3, 190 Newlands Drive",PAYNESVILLE,VIC,3880,-37.915123,147.6967,NaN,NaN,NaN,VacantLand,Vacant land,False,1021.0,m2,False
2017018756,listing,/122-newlands-drive-paynesville-vic-3880-2017018756,480000,is-sold,Sold by private treaty 02 Jun 2021,20210602,122 Newlands Drive,PAYNESVILLE,VIC,3880,-37.91598,147.705627,5,5,5,House,House,False,994.0,m2,False
2017025273,listing,/46-cumming-st-paynesville-vic-3880-2017025273,502000,is-sold,Sold by private treaty 01 Jun 2021,20210601,46 Cumming St,PAYNESVILLE,VIC,3880,-37.9079,147.719543,3,3,3,House,House,False,990.0,m2,False
2017030818,listing,/4-devon-road-paynesville-vic-3880-2017030818,520000,is-sold,Sold by private treaty 17 May 2021,20210517,4 Devon Road,PAYNESVILLE,VIC,3880,-37.9184341,147.72438,2,2,2,House,House,False,1100.0,m2,False
2017037112,listing,/21-fort-king-road-paynesville-vic-3880-2017037112,525000,is-sold,Sold by private treaty 25 May 2021,20210525,21 Fort King Road,PAYNESVILLE,VIC,3880,-37.9061,147.7226,4,4,4,House,House,False,786.0,m2,False
2017043915,listing,/2-34-cumming-street-paynesville-vic-3880-2017043915,240000,is-sold,Sold by private treaty 28 May 2021,20210528,2/34 Cumming Street,PAYNESVILLE,VIC,3880,-37.90905,147.7195,2,2,2,House,House,False,164.0,m2,False
2016407638,listing,/18-heaths-view-paynesville-vic-3880-2016407638,600000,is-sold,Sold by private treaty 11 Apr 2021,20210411,18 Heaths View,PAYNESVILLE,VIC,3880,-37.9060822,147.724854,3,3,3,House,House,False,404.0,m2,False
2016446028,listing,/15-langford-parade-paynesville-vic-3880-2016446028,640000,is-sold,Sold by private treaty 16 Apr 2021,20210416,15 Langford Parade,PAYNESVILLE,VIC,3880,-37.9177551,147.71962,4,4,4,House,House,False,1144.0,m2,False
2016501865,listing,/6-devon-road-paynesville-vic-3880-2016501865,490000,is-sold,Sold by private treaty 27 Apr 2021,20210427,6 Devon Road,PAYNESVILLE,VIC,3880,-37.9183426,147.724152,3,3,3,House,House,False,1317.0,m2,False
2016552168,listing,/6-waverley-court-paynesville-vic-3880-2016552168,393000,is-sold,Sold by private treaty 13 Apr 2021,20210413,6 Waverley Court,PAYNESVILLE,VIC,3880,-37.9045525,147.728973,4,4,4,House,House,False,566.0,m2,False
2016641016,listing,/56-main-road-paynesville-vic-3880-2016641016,295000,is-sold,Sold by private treaty 14 Apr 2021,20210414,56 Main Road,PAYNESVILLE,VIC,3880,-37.9143448,147.719528,3,3,3,House,House,False,800.0,m2,False
2016782356,listing,/48-main-road-paynesville-vic-3880-2016782356,Price Withheld,is-sold,Sold by private treaty 16 Apr 2021,20210416,48 Main Road,PAYNESVILLE,VIC,3880,-37.91483,147.71933,2,2,2,ApartmentUnitFlat,Apartment / Unit / Flat,False,0.0,m2,False
2016795060,listing,/31a-paynesville-road-paynesville-vic-3880-2016795060,Price Withheld,is-sold,Sold by private treaty 16 Apr 2021,20210416,31A Paynesville Road,PAYNESVILLE,VIC,3880,-37.9070358,147.716339,3,3,3,ApartmentUnitFlat,Apartment / Unit / Flat,False,366.0,m2,False
2016828436,listing,/7-main-road-paynesville-vic-3880-2016828436,Price Withheld,is-sold,Sold by private treaty 04 May 2021,20210504,7 Main Road,PAYNESVILLE,VIC,3880,-37.91843,147.718079,7,7,7,House,House,False,790.0,m2,False
2016858477,listing,/unit-1-29-king-st-paynesville-vic-3880-2016858477,345000,is-sold,Sold by private treaty 15 Apr 2021,20210415,Unit 1/29 King St,PAYNESVILLE,VIC,3880,-37.91563,147.721527,2,2,2,House,House,False,170.0,m2,False
2016903443,listing,/1-1-mara-close-paynesville-vic-3880-2016903443,300000,is-sold,Sold by private treaty 20 Apr 2021,20210420,1/1 Mara Close,PAYNESVILLE,VIC,3880,-37.9160042,147.7124,2,2,2,ApartmentUnitFlat,Apartment / Unit / Flat,False,333.0,m2,False
2016906779,listing,/97a-langford-parade-paynesville-vic-3880-2016906779,420000,is-sold,Sold by private treaty 13 Apr 2021,20210413,97A Langford Parade,PAYNESVILLE,VIC,3880,-37.9104652,147.721329,3,3,3,House,House,False,0.0,m2,False
2016907911,listing,/lot-2-190-newlands-drive-paynesville-vic-3880-2016907911,210000,is-sold,Sold by private treaty 04 May 2021,20210504,"Lot 2, 190 Newlands Drive",PAYNESVILLE,VIC,3880,-37.915123,147.6967,NaN,NaN,NaN,VacantLand,Vacant land,False,1283.0,m2,False
2016931103,listing,/4-mcmillan-grove-paynesville-vic-3880-2016931103,347000,is-sold,Sold by private treaty 18 Apr 2021,20210418,4 McMillan Grove,PAYNESVILLE,VIC,3880,-37.90419,147.727966,2,2,2,House,House,False,708.0,m2,False
2016940917,listing,/88-langford-pde-paynesville-vic-3880-2016940917,450000,is-sold,Sold by private treaty 27 Apr 2021,20210427,88 Langford Pde,PAYNESVILLE,VIC,3880,-37.91126,147.721558,3,3,3,House,House,False,500.0,m2,False
2016947939,listing,/26-28-tenth-avenue-raymond-island-vic-3880-2016947939,535000,is-sold,Sold by private treaty 20 Apr 2021,20210420,26-28 Tenth Avenue,RAYMOND ISLAND,VIC,3880,-37.9239655,147.729248,4,4,4,House,House,False,1686.0,m2,False
2016948882,listing,/132-newlands-drive-paynesville-vic-3880-2016948882,260000,is-sold,Sold by private treaty 16 Apr 2021,20210416,132 Newlands Drive,PAYNESVILLE,VIC,3880,-37.915863,147.70433,NaN,NaN,NaN,VacantLand,Vacant land,False,987.0,m2,False
2016981931,listing,/lot-4-190-newlands-drive-paynesville-vic-3880-2016981931,210000,is-sold,Sold by private treaty 04 May 2021,20210504,"Lot 4, 190 Newlands Drive",PAYNESVILLE,VIC,3880,-37.915123,147.6967,NaN,NaN,NaN,VacantLand,Vacant land,False,1022.0,m2,False
2017030729,listing,/lot-5-190-newlands-drive-paynesville-vic-3880-2017030729,210000,is-sold,Sold by private treaty 04 May 2021,20210504,"Lot 5, 190 Newlands Drive",PAYNESVILLE,VIC,3880,-37.915123,147.6967,NaN,NaN,NaN,VacantLand,Vacant land,False,1022.0,m2,False
2017034099,listing,/lot-6-190-newlands-drive-paynesville-vic-3880-2017034099,210000,is-sold,Sold by private treaty 04 May 2021,20210504,"Lot 6, 190 Newlands Drive",PAYNESVILLE,VIC,3880,-37.915123,147.6967,NaN,NaN,NaN,VacantLand,Vacant land,False,1022.0,m2,False
2017972185,listing,/97a-langford-parade-paynesville-vic-3880-2017972185,420000,is-sold,Sold by private treaty 27 Apr 2021,20210427,97A Langford Parade,PAYNESVILLE,VIC,3880,-37.9104729,147.721329,3,3,3,House,House,False,0.0,m2,False
2012080769,listing,/1-araluen-court-paynesville-vic-3880-2012080769,510000,is-sold,Sold by private treaty 10 Apr 2021,20210410,1 Araluen Court,PAYNESVILLE,VIC,3880,-37.9163322,147.7055,3,3,3,Townhouse,Townhouse,False,0.0,m2,False
2012179461,listing,/113b-newlands-drive-paynesville-vic-3880-2012179461,Price Withheld,is-sold,Sold by private treaty 24 Mar 2021,20210324,113B Newlands Drive,PAYNESVILLE,VIC,3880,-37.91635,147.706039,NaN,NaN,NaN,VacantLand,Vacant land,False,672.0,m2,False
2016078811,listing,/157-newlands-dr-paynesville-vic-3880-2016078811,989000,is-sold,Sold by private treaty 24 Mar 2021,20210324,157 Newlands Dr,PAYNESVILLE,VIC,3880,-37.9151878,147.69928,6,6,6,House,House,False,2501.0,m2,False
2016191633,listing,/4-magnetic-retreat-paynesville-vic-3880-2016191633,Price Withheld,is-sold,Sold by private treaty 09 Apr 2021,20210409,4 Magnetic Retreat,PAYNESVILLE,VIC,3880,-37.9056778,147.723511,4,4,4,House,House,False,640.0,m2,False
2016298722,listing,/173a-newlands-drive-paynesville-vic-3880-2016298722,299000,is-sold,Sold by private treaty 29 Mar 2021,20210329,173A Newlands Drive,PAYNESVILLE,VIC,3880,-37.91577,147.69696,NaN,NaN,NaN,VacantLand,Vacant land,False,725.0,m2,False
2016403462,listing,/78-fort-king-rd-paynesville-vic-3880-2016403462,720000,is-sold,Sold by private treaty 06 Apr 2021,20210406,78 Fort King Rd,PAYNESVILLE,VIC,3880,-37.90753,147.730011,3,3,3,House,House,False,980.0,m2,False
2016513426,listing,/unit-4-62-main-rd-paynesville-vic-3880-2016513426,285000,is-sold,Sold by private treaty 09 Apr 2021,20210409,Unit 4/62 Main Rd,PAYNESVILLE,VIC,3880,-37.913765,147.7201,5,5,5,House,House,False,0.0,m2,False
2016713713,listing,/10-kellina-court-paynesville-vic-3880-2016713713,649000,is-sold,Sold by private treaty 30 Mar 2021,20210330,10 Kellina Court,PAYNESVILLE,VIC,3880,-37.91603,147.692169,3,3,3,House,House,False,714.0,m2,False
2016762271,listing,/23-sixth-avenue-raymond-island-vic-3880-2016762271,300000,is-sold,Sold by private treaty 10 Apr 2021,20210410,23 Sixth Avenue,RAYMOND ISLAND,VIC,3880,-37.9240341,147.726868,3,3,3,House,House,False,0.0,m2,False
2016784935,listing,/57-wellington-street-paynesville-vic-3880-2016784935,1175000,is-sold,Sold by private treaty 05 Apr 2021,20210405,57 Wellington Street,PAYNESVILLE,VIC,3880,-37.9128647,147.723145,3,3,3,House,House,False,861.0,m2,False
2016848086,listing,/205-western-boulevard-raymond-island-vic-3880-2016848086,815000,is-sold,Sold by private treaty 07 Apr 2021,20210407,205 Western Boulevard,RAYMOND ISLAND,VIC,3880,-37.9060822,147.736832,4,4,4,House,House,False,795.0,m2,False
2016864291,listing,/32-william-street-paynesville-vic-3880-2016864291,321000,is-sold,Sold by private treaty 22 Mar 2021,20210322,32 William Street,PAYNESVILLE,VIC,3880,-37.90989,147.716614,4,4,4,House,House,False,870.0,m2,False
2016876810,listing,/7-digney-street-paynesville-vic-3880-2016876810,445000,is-sold,Sold by private treaty 10 Apr 2021,20210410,7 Digney Street,PAYNESVILLE,VIC,3880,-37.90812,147.7076,4,4,4,House,House,False,792.0,m2,False
2016876889,listing,/11-jim-way-paynesville-vic-3880-2016876889,420000,is-sold,Sold by private treaty 30 Mar 2021,20210330,11 Jim Way,PAYNESVILLE,VIC,3880,-37.9071579,147.707489,4,4,4,House,House,False,680.0,m2,False
2016882320,listing,/27-magnetic-retreat-paynesville-vic-3880-2016882320,205000,is-sold,Sold by private treaty 06 Apr 2021,20210406,27 Magnetic Retreat,PAYNESVILLE,VIC,3880,-37.9045677,147.723419,NaN,NaN,NaN,VacantLand,Vacant land,False,496.0,m2,False
2016882791,listing,/54-tenth-avenue-raymond-island-vic-3880-2016882791,315000,is-sold,Sold by private treaty 08 Apr 2021,20210408,54 Tenth Avenue,RAYMOND ISLAND,VIC,3880,-37.9216728,147.729721,3,3,3,House,House,False,873.0,m2,False
2016888341,listing,/33-magnetic-retreat-paynesville-vic-3880-2016888341,240000,is-sold,Sold by private treaty 01 Apr 2021,20210401,33 Magnetic Retreat,PAYNESVILLE,VIC,3880,-37.9045677,147.72287,NaN,NaN,NaN,VacantLand,Vacant land,False,482.0,m2,False
2016896042,listing,/4-lotus-place-paynesville-vic-3880-2016896042,209000,is-sold,Sold by private treaty 08 Apr 2021,20210408,4 Lotus Place,PAYNESVILLE,VIC,3880,-37.90591,147.712372,NaN,NaN,NaN,VacantLand,Vacant land,False,914.0,m2,False
2016901905,listing,/2-main-road-paynesville-vic-3880-2016901905,320000,is-sold,Sold by private treaty 07 Apr 2021,20210407,2 Main Road,PAYNESVILLE,VIC,3880,-37.9185181,147.718475,NaN,NaN,NaN,VacantLand,Vacant land,False,835.0,m2,False
2017972180,listing,/7-headland-terrace-paynesville-vic-3880-2017972180,750000,is-sold,Sold by private treaty 19 Mar 2021,20210319,7 Headland Terrace,PAYNESVILLE,VIC,3880,-37.9084663,147.724091,4,4,4,House,House,False,1042.0,m2,False
2013364049,listing,/120a-grandview-road-paynesville-vic-3880-2013364049,Price Withheld,is-sold,Sold by private treaty 26 Feb 2021,20210226,120A Grandview Road,PAYNESVILLE,VIC,3880,-37.91499,147.695374,NaN,NaN,NaN,VacantLand,Vacant land,True,1.02,ha,False
2014878115,listing,/11-kellina-court-paynesville-vic-3880-2014878115,725000,is-sold,Sold by private treaty 16 Mar 2021,20210316,11 Kellina Court,PAYNESVILLE,VIC,3880,-37.91577,147.6923,4,4,4,House,House,False,1213.0,m2,False
2015620715,listing,/85a-langford-parade-paynesville-vic-3880-2015620715,85000,is-sold,Sold by private treaty 12 Mar 2021,20210312,85A Langford Parade,PAYNESVILLE,VIC,3880,-37.9116364,147.721054,NaN,NaN,NaN,VacantLand,Vacant land,False,470.0,m2,False
2016549958,listing,/69-slip-road-paynesville-vic-3880-2016549958,398000,is-sold,Sold by private treaty 08 Mar 2021,20210308,69 Slip Road,PAYNESVILLE,VIC,3880,-37.91213,147.726776,4,4,4,House,House,False,1289.0,m2,False
2016571733,listing,/52-vaughan-st-paynesville-vic-3880-2016571733,399000,is-sold,Sold by private treaty 03 Mar 2021,20210303,52 Vaughan St,PAYNESVILLE,VIC,3880,-37.9080124,147.718185,4,4,4,House,House,False,802.0,m2,False
2016693134,listing,/1-30-toonalook-parade-paynesville-vic-3880-2016693134,345000,is-sold,Sold by private treaty 04 Mar 2021,20210304,1/30 Toonalook Parade,PAYNESVILLE,VIC,3880,-37.9157143,147.71785,3,3,3,House,House,False,385.0,m2,False
2016710148,listing,/17-third-parade-raymond-island-vic-3880-2016710148,450000,is-sold,Sold by private treaty 26 Feb 2021,20210226,17 Third Parade,RAYMOND ISLAND,VIC,3880,-37.9245033,147.727509,3,3,3,House,House,False,730.0,m2,False
2016710537,listing,/65-fort-king-road-paynesville-vic-3880-2016710537,295000,is-sold,Sold by private treaty 03 Mar 2021,20210303,65 Fort King Road,PAYNESVILLE,VIC,3880,-37.90662,147.728378,4,4,4,House,House,False,547.0,m2,False
2016762474,listing,/13-digney-street-paynesville-vic-3880-2016762474,375000,is-sold,Sold by private treaty 07 Mar 2021,20210307,13 Digney Street,PAYNESVILLE,VIC,3880,-37.9080276,147.706955,4,4,4,House,House,False,685.0,m2,False
2016778043,listing,/16-19-mitchell-street-paynesville-vic-3880-2016778043,536500,is-sold,Sold by private treaty 17 Mar 2021,20210317,16/19 Mitchell Street,PAYNESVILLE,VIC,3880,-37.9146729,147.7252,3,3,3,Townhouse,Townhouse,False,0.0,m2,False
2016784449,listing,/54-vaughan-street-paynesville-vic-3880-2016784449,345000,is-sold,Sold by private treaty 26 Feb 2021,20210226,54 Vaughan Street,PAYNESVILLE,VIC,3880,-37.9078522,147.718231,3,3,3,House,House,False,816.0,m2,False
2016787156,listing,/unit-2-42-cumming-st-paynesville-vic-3880-2016787156,410000,is-sold,Sold by private treaty 24 Feb 2021,20210224,Unit 2/42 Cumming St,PAYNESVILLE,VIC,3880,-37.90823,147.7195,3,3,3,House,House,False,480.0,m2,False
2016812630,listing,/2-eaton-place-paynesville-vic-3880-2016812630,390000,is-sold,Sold by private treaty 08 Mar 2021,20210308,2 Eaton Place,PAYNESVILLE,VIC,3880,-37.9149857,147.722061,2,2,2,House,House,False,355.0,m2,False
2016818858,listing,/23-fort-king-road-paynesville-vic-3880-2016818858,549000,is-sold,Sold by private treaty 25 Feb 2021,20210225,23 Fort King Road,PAYNESVILLE,VIC,3880,-37.906086,147.722778,3,3,3,House,House,False,672.0,m2,False
2016822011,listing,/4-nautilus-close-paynesville-vic-3880-2016822011,873000,is-sold,Sold by private treaty 04 Mar 2021,20210304,4 Nautilus Close,PAYNESVILLE,VIC,3880,-37.9054527,147.7308,4,4,4,House,House,False,530.0,m2,False
2016829557,listing,/64-langford-parade-paynesville-vic-3880-2016829557,293000,is-sold,Sold by private treaty 05 Mar 2021,20210305,64 Langford Parade,PAYNESVILLE,VIC,3880,-37.9129753,147.721191,3,3,3,House,House,False,518.0,m2,False
2016837730,listing,/10-parkwood-close-paynesville-vic-3880-2016837730,377500,is-sold,Sold by private treaty 15 Mar 2021,20210315,10 Parkwood Close,PAYNESVILLE,VIC,3880,-37.91477,147.712677,3,3,3,House,House,False,917.0,m2,False
2016858781,listing,/13-newton-close-paynesville-vic-3880-2016858781,349000,is-sold,Sold by private treaty 17 Mar 2021,20210317,13 Newton Close,PAYNESVILLE,VIC,3880,-37.91592,147.710831,3,3,3,House,House,False,798.0,m2,False
2016872715,listing,/105-main-road-paynesville-vic-3880-2016872715,340007,is-sold,Sold by private treaty 11 Mar 2021,20210311,105 Main Road,PAYNESVILLE,VIC,3880,-37.9089432,147.720276,2,2,2,House,House,False,1012.0,m2,False
2016912641,listing,/37-gilsenan-street-paynesville-vic-3880-2016912641,490000,is-sold,Sold by private treaty 18 Mar 2021,20210318,37 Gilsenan Street,PAYNESVILLE,VIC,3880,-37.9179,147.711,3,3,3,House,House,False,1200.0,m2,False
2012488902,listing,/22-wellington-street-paynesville-vic-3880-2012488902,310000,is-sold,Sold by private treaty 23 Feb 2021,20210223,22 Wellington Street,PAYNESVILLE,VIC,3880,-37.91721,147.722183,NaN,NaN,NaN,VacantLand,Vacant land,False,1000.0,m2,False
2015550506,listing,/7a-sheerwater-terrace-paynesville-vic-3880-2015550506,350000,is-sold,Sold by private treaty 20 Feb 2021,20210220,7A Sheerwater Terrace,PAYNESVILLE,VIC,3880,-37.9116631,147.722458,NaN,NaN,NaN,VacantLand,Vacant land,False,503.0,m2,False
2015857025,listing,/6-1-5-canal-road-paynesville-vic-3880-2015857025,Price Withheld,is-sold,Sold by private treaty 04 Feb 2021,20210204,6/1-5 Canal Road,PAYNESVILLE,VIC,3880,-37.9074936,147.721832,3,3,3,ApartmentUnitFlat,Apartment / Unit / Flat,False,0.0,m2,True
2016065995,listing,/5-3-erickson-lane-paynesville-vic-3880-2016065995,510000,is-sold,Sold by private treaty 20 Feb 2021,20210220,5/3 Erickson Lane,PAYNESVILLE,VIC,3880,-37.918766,147.720978,3,3,3,House,House,False,196.0,m2,False
2016690942,listing,/unit-31-5-canal-rd-paynesville-vic-3880-2016690942,295000,is-sold,Sold by private treaty 31 Jan 2021,20210131,Unit 31/5 Canal Rd,PAYNESVILLE,VIC,3880,-37.90669,147.721909,2,2,2,ApartmentUnitFlat,Apartment / Unit / Flat,False,140.0,m2,True
2016691500,listing,/5-burden-place-paynesville-vic-3880-2016691500,160000,is-sold,Sold by private treaty 29 Jan 2021,20210129,5 Burden Place,PAYNESVILLE,VIC,3880,-37.9065,147.719,NaN,NaN,NaN,VacantLand,Vacant land,False,812.0,m2,False
2016700327,listing,/18-2-8-victoria-street-paynesville-vic-3880-2016700327,320000,is-sold,Sold by private treaty 15 Feb 2021,20210215,18/2-8 Victoria Street,PAYNESVILLE,VIC,3880,-37.9175072,147.7255,2,2,2,ApartmentUnitFlat,Apartment / Unit / Flat,False,0.0,m2,False
2016708980,listing,/1-8-reynolds-street-paynesville-vic-3880-2016708980,230000,is-sold,Sold by private treaty 11 Feb 2021,20210211,1/8 Reynolds Street,PAYNESVILLE,VIC,3880,-37.91737,147.715942,2,2,2,ApartmentUnitFlat,Apartment / Unit / Flat,False,0.0,m2,False
2016712048,listing,/2-kellina-court-paynesville-vic-3880-2016712048,550000,is-sold,Sold by private treaty 10 Feb 2021,20210210,2 Kellina Court,PAYNESVILLE,VIC,3880,-37.91551,147.692963,3,3,3,House,House,False,782.0,m2,False
2016713387,listing,/14a-sheerwater-terrace-paynesville-vic-3880-2016713387,179000,is-sold,Sold by private treaty 03 Feb 2021,20210203,14A Sheerwater Terrace,PAYNESVILLE,VIC,3880,-37.9118652,147.721832,NaN,NaN,NaN,VacantLand,Vacant land,False,516.0,m2,False
2016714235,listing,/84-langford-parade-paynesville-vic-3880-2016714235,420000,is-sold,Sold by private treaty 05 Feb 2021,20210205,84 Langford Parade,PAYNESVILLE,VIC,3880,-37.91154,147.721512,3,3,3,House,House,False,527.0,m2,False
2016719535,listing,/10-the-beacons-paynesville-vic-3880-2016719535,820000,is-sold,Sold by private treaty 05 Feb 2021,20210205,10 The Beacons,PAYNESVILLE,VIC,3880,-37.9071579,147.728,4,4,4,House,House,False,990.0,m2,False
2016732177,listing,/30-may-park-drive-paynesville-vic-3880-2016732177,681000,is-sold,Sold at auction 18 Feb 2021,20210218,30 May Park Drive,PAYNESVILLE,VIC,3880,-37.9088364,147.715118,4,4,4,House,House,False,990.0,m2,False
2016740286,listing,/4-cumming-street-paynesville-vic-3880-2016740286,339000,is-sold,Sold by private treaty 01 Feb 2021,20210201,4 Cumming Street,PAYNESVILLE,VIC,3880,-37.91182,147.718674,3,3,3,House,House,False,1006.0,m2,False
2016748149,listing,/71-fort-king-road-paynesville-vic-3880-2016748149,429000,is-sold,Sold by private treaty 17 Feb 2021,20210217,71 Fort King Road,PAYNESVILLE,VIC,3880,-37.90665,147.728912,3,3,3,House,House,False,556.0,m2,False
2016762319,listing,/51-langford-parade-paynesville-vic-3880-2016762319,525000,is-sold,Sold by private treaty 19 Feb 2021,20210219,51 Langford Parade,PAYNESVILLE,VIC,3880,-37.9144745,147.720383,3,3,3,House,House,False,785.0,m2,False
2016762381,listing,/16-langford-parade-paynesville-vic-3880-2016762381,590000,is-sold,Sold by private treaty 24 Feb 2021,20210224,16 Langford Parade,PAYNESVILLE,VIC,3880,-37.9172745,147.720154,4,4,4,House,House,False,987.0,m2,False
2016765116,listing,/72-wellington-street-paynesville-vic-3880-2016765116,1540000,is-sold,Sold by private treaty 23 Feb 2021,20210223,72 Wellington Street,PAYNESVILLE,VIC,3880,-37.912693,147.7238,4,4,4,House,House,False,1028.0,m2,False
2017972156,listing,/30-may-park-drive-paynesville-vic-3880-2017972156,681000,is-sold,Sold at auction 17 Feb 2021,20210217,30 May Park Drive,PAYNESVILLE,VIC,3880,-37.90882,147.715332,4,4,4,House,House,False,990.0,m2,False
2017973524,listing,/3-bedggood-grove-paynesville-vic-3880-2017973524,120000,is-sold,Sold by private treaty 12 Feb 2021,20210212,3 Bedggood Grove,PAYNESVILLE,VIC,3880,-37.9075623,147.720627,NaN,NaN,NaN,VacantLand,Vacant land,False,457.0,m2,False
2012080781,listing,/4-6-bridge-place-paynesville-vic-3880-2012080781,315000,is-sold,Sold by private treaty 28 Jan 2021,20210128,4-6 Bridge Place,PAYNESVILLE,VIC,3880,-37.9154,147.723648,NaN,NaN,NaN,VacantLand,Vacant land,False,1000.0,m2,False
2016347466,listing,/9-19-toonalook-parade-paynesville-vic-3880-2016347466,180000,is-sold,Sold by private treaty 21 Jan 2021,20210121,9/19 Toonalook Parade,PAYNESVILLE,VIC,3880,-37.91732,147.716431,3,3,3,ApartmentUnitFlat,Apartment / Unit / Flat,False,212.0,m2,False
2016471700,listing,/163-western-bvd-raymond-island-vic-3880-2016471700,730000,is-sold,Sold by private treaty 15 Jan 2021,20210115,163 Western Bvd,RAYMOND ISLAND,VIC,3880,-37.908287,147.734039,5,5,5,House,House,False,0.0,m2,False
2016521704,listing,/3-ninth-pde-raymond-island-vic-3880-2016521704,350000,is-sold,Sold by private treaty 21 Jan 2021,20210121,3 Ninth Pde,RAYMOND ISLAND,VIC,3880,-37.92036,147.730728,4,4,4,House,House,False,0.0,m2,False
2016568129,listing,/102-newlands-drive-paynesville-vic-3880-2016568129,335000,is-sold,Sold by private treaty 20 Jan 2021,20210120,102 Newlands Drive,PAYNESVILLE,VIC,3880,-37.91625,147.707657,3,3,3,House,House,False,901.0,m2,False
2016626693,listing,/124-main-road-paynesville-vic-3880-2016626693,270000,is-sold,Sold by private treaty 28 Jan 2021,20210128,124 Main Road,PAYNESVILLE,VIC,3880,-37.9083,147.720871,2,2,2,House,House,False,1029.0,m2,False
2016660626,listing,/28-first-pde-raymond-island-vic-3880-2016660626,440000,is-sold,Sold by private treaty 23 Jan 2021,20210123,28 First Pde,RAYMOND ISLAND,VIC,3880,-37.9258232,147.727875,4,4,4,House,House,False,915.0,m2,False
2016672764,listing,/3-bedggood-grove-paynesville-vic-3880-2016672764,120000,is-sold,Sold by private treaty 18 Jan 2021,20210118,3 Bedggood Grove,PAYNESVILLE,VIC,3880,-37.91126,147.712326,NaN,NaN,NaN,VacantLand,Vacant land,False,457.0,m2,False
2016673154,listing,/1-bedggood-grove-paynesville-vic-3880-2016673154,110000,is-sold,Sold by private treaty 18 Jan 2021,20210118,1 Bedggood Grove,PAYNESVILLE,VIC,3880,-37.91126,147.712326,NaN,NaN,NaN,VacantLand,Vacant land,False,469.0,m2,False
2016677905,listing,/11-mcmillan-grove-paynesville-vic-3880-2016677905,465000,is-sold,Sold by private treaty 27 Jan 2021,20210127,11 McMillan Grove,PAYNESVILLE,VIC,3880,-37.9037247,147.727859,4,4,4,House,House,False,776.0,m2,False
2016687067,listing,/8-third-parade-raymond-island-vic-3880-2016687067,405000,is-sold,Sold by private treaty 13 Jan 2021,20210113,8 Third Parade,RAYMOND ISLAND,VIC,3880,-37.92391,147.725983,3,3,3,House,House,False,811.0,m2,False
2016693751,listing,/9-smallman-court-paynesville-vic-3880-2016693751,390000,is-sold,Sold by private treaty 18 Jan 2021,20210118,9 Smallman Court,PAYNESVILLE,VIC,3880,-37.9089279,147.707748,3,3,3,House,House,False,510.0,m2,False
2016704296,listing,/27-coast-avenue-paynesville-vic-3880-2016704296,360000,is-sold,Sold by private treaty 13 Jan 2021,20210113,27 Coast Avenue,PAYNESVILLE,VIC,3880,-37.9082069,147.708755,4,4,4,House,House,False,669.0,m2,False
2016707946,listing,/12-smallman-ct-paynesville-vic-3880-2016707946,399000,is-sold,Sold by private treaty 14 Jan 2021,20210114,12 Smallman Ct,PAYNESVILLE,VIC,3880,-37.9085922,147.707458,3,3,3,House,House,False,470.0,m2,False
2016710143,listing,/79-twelfth-avenue-raymond-island-vic-3880-2016710143,340000,is-sold,Sold by private treaty 15 Jan 2021,20210115,79 Twelfth Avenue,RAYMOND ISLAND,VIC,3880,-37.9192123,147.732376,2,2,2,House,House,False,690.0,m2,False
2016713430,listing,/17-marina-drive-paynesville-vic-3880-2016713430,145000,is-sold,Sold by private treaty 14 Jan 2021,20210114,17 Marina Drive,PAYNESVILLE,VIC,3880,-37.90352,147.730148,NaN,NaN,NaN,VacantLand,Vacant land,False,580.0,m2,False
2016724595,listing,/21-riviera-close-paynesville-vic-3880-2016724595,550000,is-sold,Sold by private treaty 22 Jan 2021,20210122,21 Riviera Close,PAYNESVILLE,VIC,3880,-37.9085732,147.713028,3,3,3,House,House,False,1107.0,m2,False
2016762268,listing,/6-toonalook-parade-paynesville-vic-3880-2016762268,290000,is-sold,Sold by private treaty 26 Jan 2021,20210126,6 Toonalook Parade,PAYNESVILLE,VIC,3880,-37.9174423,147.717453,2,2,2,House,House,False,641.0,m2,False
2017597877,listing,/21-riviera-close-paynesville-vic-3880-2017597877,550000,is-sold,Sold by private treaty 22 Jan 2021,20210122,21 Riviera Close,PAYNESVILLE,VIC,3880,-37.9085732,147.713028,3,3,3,House,House,False,1107.0,m2,False
2017973521,listing,/1-bedggood-grove-paynesville-vic-3880-2017973521,110000,is-sold,Sold by private treaty 18 Jan 2021,20210118,1 Bedggood Grove,PAYNESVILLE,VIC,3880,-37.9075623,147.720627,NaN,NaN,NaN,VacantLand,Vacant land,False,469.0,m2,False
2012105375,listing,/20b-victoria-street-paynesville-vic-3880-2012105375,980000,is-sold,Sold by private treaty 11 Dec 2020,20201211,20B Victoria Street,PAYNESVILLE,VIC,3880,-37.9169044,147.724152,3,3,3,House,House,False,548.0,m2,False
2014653666,listing,/18-aquarius-way-paynesville-vic-3880-2014653666,Price Withheld,is-sold,Sold by private treaty 10 Dec 2020,20201210,18 Aquarius Way,PAYNESVILLE,VIC,3880,-37.91201,147.725357,3,3,3,House,House,False,693.0,m2,False
2014686358,listing,/147b-newlands-drive-paynesville-vic-3880-2014686358,1090000,is-sold,Sold by private treaty 12 Jan 2021,20210112,147B Newlands Drive,PAYNESVILLE,VIC,3880,-37.9153862,147.700546,3,3,3,House,House,False,1387.0,m2,False
2014853279,listing,/40-eighth-avenue-raymond-island-vic-3880-2014853279,372000,is-sold,Sold by private treaty 22 Dec 2020,20201222,40 Eighth Avenue,RAYMOND ISLAND,VIC,3880,-37.92291,147.728088,5,5,5,House,House,False,1002.0,m2,False
2015939119,listing,/10-main-road-paynesville-vic-3880-2015939119,Price Withheld,is-sold,Sold by private treaty 17 Dec 2020,20201217,10 Main Road,PAYNESVILLE,VIC,3880,-37.9178963,147.718628,NaN,NaN,NaN,VacantLand,Vacant land,False,570.0,m2,False
2016354635,listing,/10-magnetic-rtt-paynesville-vic-3880-2016354635,145000,is-sold,Sold by private treaty 18 Dec 2020,20201218,10 Magnetic Rtt,PAYNESVILLE,VIC,3880,-37.9053421,147.723648,NaN,NaN,NaN,VacantLand,Vacant land,False,531.0,m2,False
2016472613,listing,/33-fort-king-road-paynesville-vic-3880-2016472613,Price Withheld,is-sold,Sold by private treaty 11 Dec 2020,20201211,33 Fort King Road,PAYNESVILLE,VIC,3880,-37.90601,147.723831,3,3,3,House,House,False,0.0,m2,False
2016547860,listing,/35a-vaughan-st-paynesville-vic-3880-2016547860,460000,is-sold,Sold by private treaty 17 Dec 2020,20201217,35A Vaughan St,PAYNESVILLE,VIC,3880,-37.909214,147.717468,4,4,4,House,House,False,3221.0,m2,False
2016568124,listing,/23-gilsenan-street-paynesville-vic-3880-2016568124,560000,is-sold,Sold by private treaty 08 Dec 2020,20201208,23 Gilsenan Street,PAYNESVILLE,VIC,3880,-37.91823,147.712479,4,4,4,House,House,False,972.0,m2,False
2016571686,listing,/10-magnetic-retreat-paynesville-vic-3880-2016571686,145000,is-sold,Sold by private treaty 18 Dec 2020,20201218,10 Magnetic Retreat,PAYNESVILLE,VIC,3880,-37.9053421,147.723648,NaN,NaN,NaN,VacantLand,Vacant land,False,531.0,m2,False
2016597101,listing,/9-eleventh-parade-raymond-island-vic-3880-2016597101,409000,is-sold,Sold by private treaty 23 Dec 2020,20201223,9 Eleventh Parade,RAYMOND ISLAND,VIC,3880,-37.91875,147.73143,3,3,3,House,House,False,648.0,m2,False
2016648405,listing,/21-eleventh-parade-raymond-island-vic-3880-2016648405,595000,is-sold,Sold by private treaty 16 Dec 2020,20201216,21 Eleventh Parade,RAYMOND ISLAND,VIC,3880,-37.9189758,147.733,3,3,3,House,House,True,2.39,ha,False
2016667321,listing,/14-reynolds-street-paynesville-vic-3880-2016667321,390000,is-sold,Sold by private treaty 11 Dec 2020,20201211,14 Reynolds Street,PAYNESVILLE,VIC,3880,-37.9168549,147.716034,3,3,3,House,House,False,744.0,m2,False
2016682537,listing,/2-22-schooner-terrace-paynesville-vic-3880-2016682537,380000,is-sold,Sold by private treaty 15 Dec 2020,20201215,2/22 Schooner Terrace,PAYNESVILLE,VIC,3880,-37.90972,147.72229,3,3,3,House,House,False,0.0,m2,False
2016688014,listing,/5-kings-rd-paynesville-vic-3880-2016688014,269000,is-sold,Sold by private treaty 07 Jan 2021,20210107,5 Kings Rd,PAYNESVILLE,VIC,3880,-37.90602,147.726837,4,4,4,House,House,False,550.0,m2,False
2016704347,listing,/9a-the-inlet-paynesville-vic-3880-2016704347,950000,is-sold,Sold by private treaty 17 Dec 2020,20201217,9A The Inlet,PAYNESVILLE,VIC,3880,-37.9043427,147.720428,4,4,4,House,House,False,370.0,m2,False
2016713976,listing,/6-government-road-paynesville-vic-3880-2016713976,329000,is-sold,Sold by private treaty 12 Jan 2021,20210112,6 Government Road,PAYNESVILLE,VIC,3880,-37.9041138,147.727142,3,3,3,House,House,False,535.0,m2,False
2016714678,listing,/26-19-mitchell-street-paynesville-vic-3880-2016714678,527000,is-sold,Sold by private treaty 08 Jan 2021,20210108,26/19 Mitchell Street,PAYNESVILLE,VIC,3880,-37.9143677,147.725937,3,3,3,Townhouse,Townhouse,False,0.0,m2,False
2016720473,listing,/9-milton-avenue-paynesville-vic-3880-2016720473,299000,is-sold,Sold by private treaty 12 Jan 2021,20210112,9 Milton Avenue,PAYNESVILLE,VIC,3880,-37.9050751,147.728821,2,2,2,House,House,False,556.0,m2,False
2016736067,listing,/6-eaton-place-paynesville-vic-3880-2016736067,380000,is-sold,Sold by private treaty 23 Dec 2020,20201223,6 Eaton Place,PAYNESVILLE,VIC,3880,-37.9147263,147.721527,3,3,3,House,House,False,346.0,m2,False
2012179334,listing,/29-magnetic-retreat-paynesville-vic-3880-2012179334,189000,is-sold,Sold by private treaty 08 Dec 2020,20201208,29 Magnetic Retreat,PAYNESVILLE,VIC,3880,-37.90458,147.723236,NaN,NaN,NaN,VacantLand,Vacant land,False,476.0,m2,False
2014025589,listing,/lot-1-1-the-inlet-paynesville-vic-3880-2014025589,400000,is-sold,Sold by private treaty 26 Nov 2020,20201126,"Lot 1, 1 The Inlet",PAYNESVILLE,VIC,3880,-37.9045258,147.720779,NaN,NaN,NaN,VacantLand,Vacant land,False,1220.0,m2,False
2014821034,listing,/18-seventh-parade-raymond-island-vic-3880-2014821034,144500,is-sold,Sold by private treaty 17 Nov 2020,20201117,18 Seventh Parade,RAYMOND ISLAND,VIC,3880,-37.9208679,147.729843,NaN,NaN,NaN,VacantLand,Vacant land,False,668.0,m2,False
2014859444,listing,/13-windermere-terrace-paynesville-vic-3880-2014859444,195000,is-sold,Sold by private treaty 06 Nov 2020,20201106,13 Windermere Terrace,PAYNESVILLE,VIC,3880,-37.90494,147.720917,NaN,NaN,NaN,VacantLand,Vacant land,False,855.0,m2,False
2015471548,listing,/24-windermere-terrace-paynesville-vic-3880-2015471548,250000,is-sold,Sold by private treaty 03 Dec 2020,20201203,24 Windermere Terrace,PAYNESVILLE,VIC,3880,-37.90546,147.7223,NaN,NaN,NaN,VacantLand,Vacant land,False,916.0,m2,False
2015547810,listing,/1-bishop-view-paynesville-vic-3880-2015547810,465000,is-sold,Sold by private treaty 18 Nov 2020,20201118,1 Bishop View,PAYNESVILLE,VIC,3880,-37.91126,147.712326,4,4,4,House,House,False,796.0,m2,False
2015551423,listing,/lot-2-1-the-inlet-paynesville-vic-3880-2015551423,400000,is-sold,Sold by private treaty 26 Nov 2020,20201126,"Lot 2, 1 The Inlet",PAYNESVILLE,VIC,3880,-37.9045258,147.720779,NaN,NaN,NaN,VacantLand,Vacant land,False,964.0,m2,False
2015834993,listing,/38-may-park-drive-paynesville-vic-3880-2015834993,675000,is-sold,Sold by private treaty 03 Dec 2020,20201203,38 May Park Drive,PAYNESVILLE,VIC,3880,-37.9081841,147.715134,4,4,4,House,House,False,1414.0,m2,False
2015867898,listing,/9b-the-inlet-paynesville-vic-3880-2015867898,910000,is-sold,Sold by private treaty 26 Nov 2020,20201126,9B The Inlet,PAYNESVILLE,VIC,3880,-37.9043655,147.720535,4,4,4,House,House,False,370.0,m2,False
2016287979,listing,/lot-39-bedggood-grove-paynesville-vic-3880-2016287979,Price Withheld,is-sold,Sold by private treaty 05 Nov 2020,20201105,Lot 39 Bedggood Grove,PAYNESVILLE,VIC,3880,-37.91126,147.712326,NaN,NaN,NaN,VacantLand,Vacant land,False,716.0,m2,False
2016408811,listing,/17-north-quay-place-paynesville-vic-3880-2016408811,1000000,is-sold,Sold by private treaty 09 Nov 2020,20201109,17 North Quay Place,PAYNESVILLE,VIC,3880,-37.9051476,147.726456,3,3,3,House,House,False,580.0,m2,False
2016413458,listing,/167b-newlands-drive-paynesville-vic-3880-2016413458,299000,is-sold,Sold by private treaty 04 Dec 2020,20201204,167B Newlands Drive,PAYNESVILLE,VIC,3880,-37.9152641,147.697983,NaN,NaN,NaN,VacantLand,Vacant land,False,907.0,m2,False
2016552153,listing,/22-windermere-terrace-paynesville-vic-3880-2016552153,745000,is-sold,Sold by private treaty 12 Nov 2020,20201112,22 Windermere Terrace,PAYNESVILLE,VIC,3880,-37.90547,147.722046,3,3,3,House,House,False,1022.0,m2,False
2016571335,listing,/18-currawong-close-raymond-island-vic-3880-2016571335,395000,is-sold,Sold by private treaty 07 Dec 2020,20201207,18 Currawong Close,RAYMOND ISLAND,VIC,3880,-37.9162979,147.7329,5,5,5,House,House,False,543.0,m2,False
2016593181,listing,/99-langford-parade-paynesville-vic-3880-2016593181,395000,is-sold,Sold by private treaty 18 Nov 2020,20201118,99 Langford Parade,PAYNESVILLE,VIC,3880,-37.91021,147.72139,3,3,3,ApartmentUnitFlat,Apartment / Unit / Flat,False,0.0,m2,False
2016597172,listing,/14-newton-close-paynesville-vic-3880-2016597172,365000,is-sold,Sold by private treaty 25 Nov 2020,20201125,14 Newton Close,PAYNESVILLE,VIC,3880,-37.9157639,147.710861,3,3,3,House,House,False,790.0,m2,False
2016614775,listing,/6-19-toonalook-parade-paynesville-vic-3880-2016614775,165000,is-sold,Sold by private treaty 30 Nov 2020,20201130,6/19 Toonalook Parade,PAYNESVILLE,VIC,3880,-37.91762,147.7167,2,2,2,ApartmentUnitFlat,Apartment / Unit / Flat,False,0.0,m2,False
2016660663,listing,/15-digney-street-paynesville-vic-3880-2016660663,369000,is-sold,Sold by private treaty 07 Dec 2020,20201207,15 Digney Street,PAYNESVILLE,VIC,3880,-37.9079971,147.706741,4,4,4,House,House,False,685.0,m2,False
2016677785,listing,/20-queen-street-paynesville-vic-3880-2016677785,290000,is-sold,Sold by private treaty 09 Nov 2020,20201109,20 Queen Street,PAYNESVILLE,VIC,3880,-37.9155464,147.712967,3,3,3,House,House,False,821.0,m2,False
2017973508,listing,/99-langford-parade-paynesville-vic-3880-2017973508,395000,is-sold,Sold by private treaty 18 Nov 2020,20201118,99 Langford Parade,PAYNESVILLE,VIC,3880,-37.91021,147.72139,3,3,3,ApartmentUnitFlat,Apartment / Unit / Flat,False,0.0,m2,False
2014892411,listing,/28-riviera-close-paynesville-vic-3880-2014892411,540000,is-sold,Sold by private treaty 19 Oct 2020,20201019,28 Riviera Close,PAYNESVILLE,VIC,3880,-37.9080429,147.71312,3,3,3,House,House,False,1388.0,m2,False
2015931292,listing,/18-government-rd-paynesville-vic-3880-2015931292,568000,is-sold,Sold by private treaty 29 Oct 2020,20201029,18 Government Rd,PAYNESVILLE,VIC,3880,-37.9031525,147.727371,4,4,4,House,House,False,613.0,m2,False
2015975093,listing,/lot-40-bedggood-grove-paynesville-vic-3880-2015975093,Price Withheld,is-sold,Sold by private treaty 20 Oct 2020,20201020,Lot 40 Bedggood Grove,PAYNESVILLE,VIC,3880,-37.91126,147.712326,NaN,NaN,NaN,VacantLand,Vacant land,False,870.0,m2,False
2015978551,listing,/lot-44-king-street-paynesville-vic-3880-2015978551,Price Withheld,is-sold,Sold by private treaty 04 Nov 2020,20201104,Lot 44 King Street,PAYNESVILLE,VIC,3880,-37.91512,147.719055,NaN,NaN,NaN,VacantLand,Vacant land,False,855.0,m2,False
2016188700,listing,/lot-53-bedggood-grove-paynesville-vic-3880-2016188700,Price Withheld,is-sold,Sold by private treaty 04 Nov 2020,20201104,Lot 53 Bedggood Grove,PAYNESVILLE,VIC,3880,-37.91126,147.712326,NaN,NaN,NaN,VacantLand,Vacant land,False,840.0,m2,False
2016308521,listing,/11-1-5-canal-road-paynesville-vic-3880-2016308521,275500,is-sold,Sold by private treaty 04 Nov 2020,20201104,11/1-5 Canal Road,PAYNESVILLE,VIC,3880,-37.9074936,147.721832,2,2,2,ApartmentUnitFlat,Apartment / Unit / Flat,False,0.0,m2,True
2016314795,listing,/lot-54-bedggood-grove-paynesville-vic-3880-2016314795,Price Withheld,is-sold,Sold by private treaty 28 Oct 2020,20201028,Lot 54 Bedggood Grove,PAYNESVILLE,VIC,3880,-37.91126,147.712326,NaN,NaN,NaN,VacantLand,Vacant land,False,840.0,m2,False
2016438138,listing,/217-western-boulevard-raymond-island-vic-3880-2016438138,450000,is-sold,Sold by private treaty 01 Nov 2020,20201101,217 Western Boulevard,RAYMOND ISLAND,VIC,3880,-37.90554,147.737732,3,3,3,House,House,False,620.0,m2,False
2016469464,listing,/81-slip-road-paynesville-vic-3880-2016469464,400000,is-sold,Sold by private treaty 02 Nov 2020,20201102,81 Slip Road,PAYNESVILLE,VIC,3880,-37.91129,147.726318,2,2,2,House,House,False,700.0,m2,False
2016475127,listing,/19-canal-road-paynesville-vic-3880-2016475127,515000,is-sold,Sold by private treaty 21 Oct 2020,20201021,19 Canal Road,PAYNESVILLE,VIC,3880,-37.90791,147.723511,3,3,3,House,House,False,751.0,m2,False
2016481149,listing,/123-langford-pde-paynesville-vic-3880-2016481149,385000,is-sold,Sold by private treaty 20 Oct 2020,20201020,123 Langford Pde,PAYNESVILLE,VIC,3880,-37.908062,147.721878,4,4,4,House,House,False,0.0,m2,False
2016485974,listing,/19-seventh-parade-raymond-island-vic-3880-2016485974,164000,is-sold,Sold by private treaty 26 Oct 2020,20201026,19 Seventh Parade,RAYMOND ISLAND,VIC,3880,-37.9211464,147.729431,NaN,NaN,NaN,VacantLand,Vacant land,False,666.0,m2,False
2016492322,listing,/7-the-moorings-paynesville-vic-3880-2016492322,295000,is-sold,Sold by private treaty 27 Oct 2020,20201027,7 The Moorings,PAYNESVILLE,VIC,3880,-37.9139442,147.721863,4,4,4,House,House,False,0.0,m2,False
2016494917,listing,/4-eighth-ave-raymond-island-vic-3880-2016494917,360000,is-sold,Sold by private treaty 30 Oct 2020,20201030,4 Eighth Ave,RAYMOND ISLAND,VIC,3880,-37.9264946,147.727234,3,3,3,House,House,False,998.0,m2,False
2016499806,listing,/6-ah-yee-place-paynesville-vic-3880-2016499806,350000,is-sold,Sold by private treaty 30 Oct 2020,20201030,6 Ah Yee Place,PAYNESVILLE,VIC,3880,-37.90624,147.709244,4,4,4,House,House,False,614.0,m2,False
2016514451,listing,/17-woodland-court-paynesville-vic-3880-2016514451,395000,is-sold,Sold by private treaty 28 Oct 2020,20201028,17 Woodland Court,PAYNESVILLE,VIC,3880,-37.91538,147.705811,3,3,3,House,House,False,815.0,m2,False
2016552579,listing,/15-newton-close-paynesville-vic-3880-2016552579,385000,is-sold,Sold by private treaty 29 Oct 2020,20201029,15 Newton Close,PAYNESVILLE,VIC,3880,-37.9156036,147.710876,4,4,4,House,House,False,785.0,m2,False
2016560528,listing,/29-mcmillan-grove-paynesville-vic-3880-2016560528,375000,is-sold,Sold by private treaty 29 Oct 2020,20201029,29 McMillan Grove,PAYNESVILLE,VIC,3880,-37.90392,147.729691,3,3,3,House,House,False,720.0,m2,False
2016568934,listing,/8-digney-street-paynesville-vic-3880-2016568934,353000,is-sold,Sold by private treaty 20 Oct 2020,20201020,8 Digney Street,PAYNESVILLE,VIC,3880,-37.9078178,147.70755,4,4,4,House,House,False,544.0,m2,False
2017973464,listing,/81-slip-road-paynesville-vic-3880-2017973464,400000,is-sold,Sold by private treaty 02 Nov 2020,20201102,81 Slip Road,PAYNESVILLE,VIC,3880,-37.91129,147.726318,2,2,2,House,House,False,700.0,m2,False
2015886066,listing,/paynesville-vic-3880-2015886066,Price Withheld,is-sold,Sold by private treaty 14 Oct 2020,20201014,NaN,PAYNESVILLE,VIC,3880,-37.91126,147.712326,1,1,1,Villa,Villa,False,0.0,m2,False
2015975092,listing,/lot-42-king-street-paynesville-vic-3880-2015975092,Price Withheld,is-sold,Sold by private treaty 19 Oct 2020,20201019,Lot 42 King Street,PAYNESVILLE,VIC,3880,-37.91512,147.719055,NaN,NaN,NaN,VacantLand,Vacant land,False,993.0,m2,False
2015975140,listing,/lot-59-bedggood-grove-paynesville-vic-3880-2015975140,Price Withheld,is-sold,Sold by private treaty 15 Oct 2020,20201015,Lot 59 Bedggood Grove,PAYNESVILLE,VIC,3880,-37.91126,147.712326,NaN,NaN,NaN,VacantLand,Vacant land,False,855.0,m2,False
2015978554,listing,/lot-43-king-street-paynesville-vic-3880-2015978554,Price Withheld,is-sold,Sold by private treaty 15 Oct 2020,20201015,Lot 43 King Street,PAYNESVILLE,VIC,3880,-37.91512,147.719055,NaN,NaN,NaN,VacantLand,Vacant land,False,905.0,m2,False
2015980053,listing,/lot-37-bedggood-grove-paynesville-vic-3880-2015980053,Price Withheld,is-sold,Sold by private treaty 15 Oct 2020,20201015,Lot 37 Bedggood Grove,PAYNESVILLE,VIC,3880,-37.91126,147.712326,NaN,NaN,NaN,VacantLand,Vacant land,False,880.0,m2,False
2015980054,listing,/lot-57-bedggood-grove-paynesville-vic-3880-2015980054,Price Withheld,is-sold,Sold by private treaty 15 Oct 2020,20201015,Lot 57 Bedggood Grove,PAYNESVILLE,VIC,3880,-37.91126,147.712326,NaN,NaN,NaN,VacantLand,Vacant land,False,855.0,m2,False
2016171245,listing,/lot-55-bedggood-grove-paynesville-vic-3880-2016171245,Price Withheld,is-sold,Sold by private treaty 15 Oct 2020,20201015,Lot 55 Bedggood Grove,PAYNESVILLE,VIC,3880,-37.91126,147.712326,NaN,NaN,NaN,VacantLand,Vacant land,False,840.0,m2,False
2016188696,listing,/lot-38-bedggood-grove-paynesville-vic-3880-2016188696,Price Withheld,is-sold,Sold by private treaty 15 Oct 2020,20201015,Lot 38 Bedggood Grove,PAYNESVILLE,VIC,3880,-37.91126,147.712326,NaN,NaN,NaN,VacantLand,Vacant land,False,847.0,m2,False
2016243806,listing,/lot-33-king-street-paynesville-vic-3880-2016243806,Price Withheld,is-sold,Sold by private treaty 16 Oct 2020,20201016,Lot 33 King Street,PAYNESVILLE,VIC,3880,-37.9150124,147.718353,NaN,NaN,NaN,VacantLand,Vacant land,False,866.0,m2,False
2016243833,listing,/lot-36-bedggood-grove-paynesville-vic-3880-2016243833,Price Withheld,is-sold,Sold by private treaty 15 Oct 2020,20201015,Lot 36 Bedggood Grove,PAYNESVILLE,VIC,3880,-37.91126,147.712326,NaN,NaN,NaN,VacantLand,Vacant land,False,880.0,m2,False
2016290799,listing,/1-39-king-street-paynesville-vic-3880-2016290799,449000,is-sold,Sold by private treaty 13 Oct 2020,20201013,1/39 King Street,PAYNESVILLE,VIC,3880,-37.91537,147.719818,3,3,3,House,House,False,285.0,m2,False
2016314738,listing,/lot-56-bedggood-grove-paynesville-vic-3880-2016314738,Price Withheld,is-sold,Sold by private treaty 15 Oct 2020,20201015,Lot 56 Bedggood Grove,PAYNESVILLE,VIC,3880,-37.91126,147.712326,NaN,NaN,NaN,VacantLand,Vacant land,False,846.0,m2,False
2016465453,listing,/179-newlands-drive-paynesville-vic-3880-2016465453,1080000,is-sold,Sold by private treaty 16 Oct 2020,20201016,179 Newlands Drive,PAYNESVILLE,VIC,3880,-37.9155,147.696259,3,3,3,House,House,False,2100.0,m2,False
2016477230,listing,/97c-langford-parade-paynesville-vic-3880-2016477230,404000,is-sold,Sold by private treaty 12 Oct 2020,20201012,97C Langford Parade,PAYNESVILLE,VIC,3880,-37.9103851,147.721344,3,3,3,Townhouse,Townhouse,False,0.0,m2,False
2016482554,listing,/19b-bishop-view-paynesville-vic-3880-2016482554,413000,is-sold,Sold by private treaty 16 Oct 2020,20201016,19B Bishop View,PAYNESVILLE,VIC,3880,-37.9127274,147.709671,3,3,3,House,House,False,416.0,m2,False
2016499807,listing,/25-coast-avenue-paynesville-vic-3880-2016499807,342500,is-sold,Sold by private treaty 18 Oct 2020,20201018,25 Coast Avenue,PAYNESVILLE,VIC,3880,-37.90805,147.70871,4,4,4,House,House,False,642.0,m2,False
2016547543,listing,/9-seventh-parade-raymond-island-vic-3880-2016547543,345000,is-sold,Sold by private treaty 18 Oct 2020,20201018,9 Seventh Parade,RAYMOND ISLAND,VIC,3880,-37.92094,147.727432,2,2,2,House,House,False,746.0,m2,False
2016552051,listing,/16-18-kings-road-paynesville-vic-3880-2016552051,360000,is-sold,Sold by private treaty 15 Oct 2020,20201015,16-18 Kings Road,PAYNESVILLE,VIC,3880,-37.9062042,147.72876,3,3,3,House,House,False,1292.0,m2,False
2016563447,listing,/9-driftwood-close-paynesville-vic-3880-2016563447,455500,is-sold,Sold by private treaty 17 Oct 2020,20201017,9 Driftwood Close,PAYNESVILLE,VIC,3880,-37.90297,147.726,NaN,NaN,NaN,VacantLand,Vacant land,False,791.0,m2,False
2017973477,listing,/16-18-kings-road-paynesville-vic-3880-2017973477,360000,is-sold,Sold by private treaty 15 Oct 2020,20201015,16-18 Kings Road,PAYNESVILLE,VIC,3880,-37.90621,147.72876,3,3,3,House,House,False,1292.0,m2,False
2012080795,listing,/lot-61-50-eagle-bay-terrace-paynesville-vic-3880-2012080795,330000,is-sold,Sold by private treaty 01 Oct 2020,20201001,Lot 61/50 Eagle Bay Terrace,PAYNESVILLE,VIC,3880,-37.9009628,147.712418,NaN,NaN,NaN,VacantLand,Vacant land,False,1166.0,m2,False
2015868158,listing,/7-driftwood-close-paynesville-vic-3880-2015868158,450000,is-sold,Sold by private treaty 12 Oct 2020,20201012,7 Driftwood Close,PAYNESVILLE,VIC,3880,-37.9029655,147.726181,NaN,NaN,NaN,VacantLand,Vacant land,False,780.0,m2,False
2015981918,listing,/17a-bishop-view-paynesville-vic-3880-2015981918,422000,is-sold,Sold by private treaty 07 Oct 2020,20201007,17A Bishop View,PAYNESVILLE,VIC,3880,-37.9128151,147.70993,3,3,3,House,House,False,438.0,m2,False
2016138579,listing,/11-acacia-court-paynesville-vic-3880-2016138579,345000,is-sold,Sold by private treaty 02 Oct 2020,20201002,11 Acacia Court,PAYNESVILLE,VIC,3880,-37.9118919,147.711929,3,3,3,House,House,False,720.0,m2,False
2016364935,listing,/11-schooner-terrace-paynesville-vic-3880-2016364935,450000,is-sold,Sold by private treaty 27 Sep 2020,20200927,11 Schooner Terrace,PAYNESVILLE,VIC,3880,-37.90886,147.723221,3,3,3,House,House,False,890.0,m2,False
2016379358,listing,/30-coast-avenue-paynesville-vic-3880-2016379358,329000,is-sold,Sold by private treaty 28 Sep 2020,20200928,30 Coast Avenue,PAYNESVILLE,VIC,3880,-37.90846,147.708359,4,4,4,House,House,False,676.0,m2,False
2016422790,listing,/12-vaughan-street-paynesville-vic-3880-2016422790,235000,is-sold,Sold by private treaty 03 Oct 2020,20201003,12 Vaughan Street,PAYNESVILLE,VIC,3880,-37.9111,147.717453,2,2,2,House,House,False,305.0,m2,False
2016470827,listing,/34-paynesville-road-paynesville-vic-3880-2016470827,200000,is-sold,Sold by private treaty 23 Sep 2020,20200923,34 Paynesville Road,PAYNESVILLE,VIC,3880,-37.9064865,147.7161,NaN,NaN,NaN,VacantLand,Vacant land,False,1789.0,m2,False
2016481211,listing,/77-slip-rd-paynesville-vic-3880-2016481211,390000,is-sold,Sold by private treaty 23 Sep 2020,20200923,77 Slip Rd,PAYNESVILLE,VIC,3880,-37.9115143,147.726563,4,4,4,House,House,False,691.0,m2,False
2016482494,listing,/19a-bishop-view-paynesville-vic-3880-2016482494,415000,is-sold,Sold by private treaty 05 Oct 2020,20201005,19A Bishop View,PAYNESVILLE,VIC,3880,-37.9127274,147.709671,3,3,3,House,House,False,380.0,m2,False
2016496015,listing,/27-driftwood-close-paynesville-vic-3880-2016496015,365000,is-sold,Sold by private treaty 07 Oct 2020,20201007,27 Driftwood Close,PAYNESVILLE,VIC,3880,-37.9033661,147.7244,NaN,NaN,NaN,VacantLand,Vacant land,False,465.0,m2,False
2016501935,listing,/33-reynolds-street-paynesville-vic-3880-2016501935,308000,is-sold,Sold by private treaty 28 Sep 2020,20200928,33 Reynolds Street,PAYNESVILLE,VIC,3880,-37.9151268,147.715942,2,2,2,House,House,False,985.0,m2,False
2016507642,listing,/60-main-road-paynesville-vic-3880-2016507642,270000,is-sold,Sold by private treaty 07 Oct 2020,20201007,60 Main Road,PAYNESVILLE,VIC,3880,-37.9140739,147.719513,2,2,2,House,House,False,759.0,m2,False
2016509285,listing,/28-reynolds-street-paynesville-vic-3880-2016509285,245000,is-sold,Sold by private treaty 30 Sep 2020,20200930,28 Reynolds Street,PAYNESVILLE,VIC,3880,-37.9153137,147.716354,3,3,3,House,House,False,784.0,m2,False
2016514201,listing,/49-1-5-canal-road-paynesville-vic-3880-2016514201,289000,is-sold,Sold by private treaty 05 Oct 2020,20201005,49/1-5 Canal Road,PAYNESVILLE,VIC,3880,-37.9074936,147.721832,2,2,2,ApartmentUnitFlat,Apartment / Unit / Flat,False,186.0,m2,True
2016519056,listing,/11-fort-king-place-paynesville-vic-3880-2016519056,535000,is-sold,Sold by private treaty 21 Sep 2020,20200921,11 Fort King Place,PAYNESVILLE,VIC,3880,-37.90717,147.726227,NaN,NaN,NaN,VacantLand,Vacant land,False,1107.0,m2,False
2016526581,listing,/76-main-road-paynesville-vic-3880-2016526581,399000,is-sold,Sold by private treaty 05 Oct 2020,20201005,76 Main Road,PAYNESVILLE,VIC,3880,-37.9129333,147.719772,3,3,3,House,House,False,1000.0,m2,False
2016532227,listing,/140-newlands-drive-paynesville-vic-3880-2016532227,359000,is-sold,Sold by private treaty 10 Oct 2020,20201010,140 Newlands Drive,PAYNESVILLE,VIC,3880,-37.9155426,147.703156,3,3,3,House,House,False,1007.0,m2,False
2017973051,listing,/30-coast-avenue-paynesville-vic-3880-2017973051,329000,is-sold,Sold by private treaty 28 Sep 2020,20200928,30 Coast Avenue,PAYNESVILLE,VIC,3880,-37.90846,147.708359,4,4,4,House,House,False,676.0,m2,False
2017973476,listing,/76-main-road-paynesville-vic-3880-2017973476,399000,is-sold,Sold by private treaty 06 Oct 2020,20201006,76 Main Road,PAYNESVILLE,VIC,3880,-37.9128952,147.7199,3,3,3,House,House,False,1000.0,m2,False
2015226870,listing,/1-fort-king-place-paynesville-vic-3880-2015226870,695000,is-sold,Sold by private treaty 07 Sep 2020,20200907,1 Fort King Place,PAYNESVILLE,VIC,3880,-37.9068069,147.72673,3,3,3,House,House,False,1080.0,m2,False
2015547223,listing,/1a-third-parade-raymond-island-vic-3880-2015547223,440000,is-sold,Sold by private treaty 28 Aug 2020,20200828,1A Third Parade,RAYMOND ISLAND,VIC,3880,-37.9240227,147.724564,3,3,3,House,House,False,773.0,m2,False
2015640710,listing,/10-may-park-drive-paynesville-vic-3880-2015640710,492000,is-sold,Sold by private treaty 28 Aug 2020,20200828,10 May Park Drive,PAYNESVILLE,VIC,3880,-37.910347,147.715134,3,3,3,House,House,False,1080.0,m2,False
2015810204,listing,/11-driftwood-close-paynesville-vic-3880-2015810204,450000,is-sold,Sold by private treaty 18 Sep 2020,20200918,11 Driftwood Close,PAYNESVILLE,VIC,3880,-37.902977,147.7258,NaN,NaN,NaN,VacantLand,Vacant land,False,788.0,m2,False
2015830048,listing,/3-windermere-terrace-paynesville-vic-3880-2015830048,205000,is-sold,Sold by private treaty 21 Aug 2020,20200821,3 Windermere Terrace,PAYNESVILLE,VIC,3880,-37.90477,147.719711,NaN,NaN,NaN,VacantLand,Vacant land,False,914.0,m2,False
2015890803,listing,/26-magnetic-retreat-paynesville-vic-3880-2015890803,340000,is-sold,Sold by private treaty 18 Sep 2020,20200918,26 Magnetic Retreat,PAYNESVILLE,VIC,3880,-37.9044037,147.724182,NaN,NaN,NaN,VacantLand,Vacant land,False,455.0,m2,False
2015943791,listing,/139a-newlands-drive-paynesville-vic-3880-2015943791,275000,is-sold,Sold by private treaty 18 Sep 2020,20200918,139A Newlands Drive,PAYNESVILLE,VIC,3880,-37.9155846,147.701828,NaN,NaN,NaN,VacantLand,Vacant land,False,1712.0,m2,False
2016287141,listing,/1-caddie-court-paynesville-vic-3880-2016287141,399000,is-sold,Sold by private treaty 04 Sep 2020,20200904,1 Caddie Court,PAYNESVILLE,VIC,3880,-37.90261,147.711533,4,4,4,House,House,False,0.0,m2,False
2016325823,listing,/36-aquarius-way-paynesville-vic-3880-2016325823,1050000,is-sold,Sold by private treaty 01 Sep 2020,20200901,36 Aquarius Way,PAYNESVILLE,VIC,3880,-37.9135437,147.725464,4,4,4,House,House,False,770.0,m2,False
2016376268,listing,/4-8-lewis-place-paynesville-vic-3880-2016376268,1520000,is-sold,Sold by private treaty 28 Aug 2020,20200828,4/8 Lewis Place,PAYNESVILLE,VIC,3880,-37.9067039,147.730377,6,6,6,House,House,False,732.0,m2,False
2016396141,listing,/1-haylock-drive-paynesville-vic-3880-2016396141,155000,is-sold,Sold by private treaty 13 Sep 2020,20200913,1 Haylock Drive,PAYNESVILLE,VIC,3880,-37.91247,147.710724,NaN,NaN,NaN,VacantLand,Vacant land,False,889.0,m2,False
2016407810,listing,/9-digney-street-paynesville-vic-3880-2016407810,385000,is-sold,Sold by private treaty 26 Aug 2020,20200826,9 Digney Street,PAYNESVILLE,VIC,3880,-37.90809,147.707382,3,3,3,House,House,False,684.0,m2,False
2016428718,listing,/1-fourth-avenue-raymond-island-vic-3880-2016428718,730000,is-sold,Sold by private treaty 29 Aug 2020,20200829,1 Fourth Avenue,RAYMOND ISLAND,VIC,3880,-37.9264526,147.725021,4,4,4,House,House,False,858.0,m2,False
2016436954,listing,/20-riviera-close-paynesville-vic-3880-2016436954,498000,is-sold,Sold by private treaty 07 Sep 2020,20200907,20 Riviera Close,PAYNESVILLE,VIC,3880,-37.90874,147.713379,4,4,4,House,House,False,1244.0,m2,False
2016460510,listing,/219-western-boulevard-raymond-island-vic-3880-2016460510,670000,is-sold,Sold by private treaty 12 Sep 2020,20200912,219 Western Boulevard,RAYMOND ISLAND,VIC,3880,-37.9054565,147.73793,3,3,3,House,House,False,650.0,m2,False
2016463866,listing,/11-the-grange-paynesville-vic-3880-2016463866,517000,is-sold,Sold by private treaty 11 Sep 2020,20200911,11 The Grange,PAYNESVILLE,VIC,3880,-37.9077263,147.714661,3,3,3,House,House,False,753.0,m2,False
2016470539,listing,/75a-fort-king-road-paynesville-vic-3880-2016470539,432500,is-sold,Sold by private treaty 09 Sep 2020,20200909,75A Fort King Road,PAYNESVILLE,VIC,3880,-37.9069328,147.729645,3,3,3,House,House,False,553.0,m2,False
2016487027,listing,/33-first-parade-raymond-island-vic-3880-2016487027,550000,is-sold,Sold by private treaty 10 Sep 2020,20200910,33 First Parade,RAYMOND ISLAND,VIC,3880,-37.9259071,147.725983,2,2,2,House,House,False,1659.0,m2,False
2017972065,listing,/10-may-park-drive-paynesville-vic-3880-2017972065,492000,is-sold,Sold by private treaty 28 Aug 2020,20200828,10 May Park Drive,PAYNESVILLE,VIC,3880,-37.9104271,147.715256,3,3,3,House,House,False,1080.0,m2,False
2017973461,listing,/20-riviera-close-paynesville-vic-3880-2017973461,498000,is-sold,Sold by private treaty 07 Sep 2020,20200907,20 Riviera Close,PAYNESVILLE,VIC,3880,-37.9087219,147.7135,4,4,4,House,House,False,1244.0,m2,False
2012179459,listing,/9-the-point-paynesville-vic-3880-2012179459,400000,is-sold,Sold by private treaty 03 Aug 2020,20200803,9 The Point,PAYNESVILLE,VIC,3880,-37.90444,147.726,NaN,NaN,NaN,VacantLand,Vacant land,False,477.0,m2,False
2013606938,listing,/23-driftwood-close-paynesville-vic-3880-2013606938,430000,is-sold,Sold by private treaty 20 Aug 2020,20200820,23 Driftwood Close,PAYNESVILLE,VIC,3880,-37.9031677,147.724716,NaN,NaN,NaN,VacantLand,Vacant land,False,732.0,m2,False
2014690391,listing,/5-marina-drive-paynesville-vic-3880-2014690391,380000,is-sold,Sold by private treaty 31 Jul 2020,20200731,5 Marina Drive,PAYNESVILLE,VIC,3880,-37.9044952,147.730347,3,3,3,House,House,False,539.0,m2,False
2014784245,listing,/22-19-mitchell-street-paynesville-vic-3880-2014784245,450000,is-sold,Sold by private treaty 11 Aug 2020,20200811,22/19 Mitchell Street,PAYNESVILLE,VIC,3880,-37.9146576,147.725754,3,3,3,House,House,False,114.0,m2,False
2015724117,listing,/113-western-boulevard-raymond-island-vic-3880-2015724117,1100000,is-sold,Sold by private treaty 05 Aug 2020,20200805,113 Western Boulevard,RAYMOND ISLAND,VIC,3880,-37.91222,147.732147,6,6,6,House,House,False,819.0,m2,False
2015965117,listing,/35-fort-king-paynesville-vic-3880-2015965117,380000,is-sold,Sold by private treaty 27 Jul 2020,20200727,35 Fort King,PAYNESVILLE,VIC,3880,-37.9061775,147.724014,3,3,3,House,House,False,0.0,m2,False
2015982242,listing,/5-currawong-close-raymond-island-vic-3880-2015982242,480000,is-sold,Sold by private treaty 07 Aug 2020,20200807,5 Currawong Close,RAYMOND ISLAND,VIC,3880,-37.9162331,147.7322,4,4,4,House,House,False,603.0,m2,False
2016146868,listing,/12-ah-yee-pl-paynesville-vic-3880-2016146868,325000,is-sold,Sold by private treaty 27 Jul 2020,20200727,12 Ah Yee Pl,PAYNESVILLE,VIC,3880,-37.9063263,147.709869,4,4,4,House,House,False,615.0,m2,False
2016152359,listing,/14-view-street-paynesville-vic-3880-2016152359,245000,is-sold,Sold by private treaty 07 Aug 2020,20200807,14 View Street,PAYNESVILLE,VIC,3880,-37.9030037,147.729,NaN,NaN,NaN,VacantLand,Vacant land,False,551.0,m2,False
2016368721,listing,/20-smallman-court-paynesville-vic-3880-2016368721,372500,is-sold,Sold by private treaty 31 Jul 2020,20200731,20 Smallman Court,PAYNESVILLE,VIC,3880,-37.908493,147.706848,4,4,4,House,House,False,613.0,m2,False
2016369668,listing,/15-waterloo-court-paynesville-vic-3880-2016369668,635000,is-sold,Sold by private treaty 30 Jul 2020,20200730,15 Waterloo Court,PAYNESVILLE,VIC,3880,-37.9149742,147.723709,3,3,3,House,House,False,596.0,m2,False
2016396745,listing,/75-main-road-paynesville-vic-3880-2016396745,380000,is-sold,Sold by private treaty 27 Jul 2020,20200727,75 Main Road,PAYNESVILLE,VIC,3880,-37.9117775,147.71962,3,3,3,House,House,False,1005.0,m2,False
2016397380,listing,/7-magnolia-way-paynesville-vic-3880-2016397380,570000,is-sold,Sold by private treaty 11 Aug 2020,20200811,7 Magnolia Way,PAYNESVILLE,VIC,3880,-37.9047356,147.713211,4,4,4,House,House,False,0.0,m2,False
2016398613,listing,/14-may-park-drive-paynesville-vic-3880-2016398613,540000,is-sold,Sold by private treaty 03 Aug 2020,20200803,14 May Park Drive,PAYNESVILLE,VIC,3880,-37.9103928,147.714935,4,4,4,House,House,False,1441.0,m2,False
2016415231,listing,/3-116-main-road-paynesville-vic-3880-2016415231,218000,is-sold,Sold by private treaty 12 Aug 2020,20200812,3/116 Main Road,PAYNESVILLE,VIC,3880,-37.90907,147.721069,2,2,2,ApartmentUnitFlat,Apartment / Unit / Flat,False,0.0,m2,False
2016423015,listing,/68-langford-parade-paynesville-vic-3880-2016423015,299000,is-sold,Sold by private treaty 15 Aug 2020,20200815,68 Langford Parade,PAYNESVILLE,VIC,3880,-37.9126778,147.721222,3,3,3,House,House,False,541.0,m2,False
2016443005,listing,/crown-allo-17-240-centre-road-raymond-island-vic-3880-2016443005,Price Withheld,is-sold,Sold by private treaty 19 Aug 2020,20200819,"Crown Allo/17, 240 Centre Road",RAYMOND ISLAND,VIC,3880,-37.908268,147.753464,NaN,NaN,NaN,VacantLand,Vacant land,True,15.72,ha,False
2016503459,listing,/1-33-newton-close-paynesville-vic-3880-2016503459,265000,is-sold,Sold by private treaty 20 Aug 2020,20200820,1/33 Newton Close,PAYNESVILLE,VIC,3880,-37.9167862,147.712326,2,2,2,House,House,False,0.0,m2,False
2017973022,listing,/14-view-street-paynesville-vic-3880-2017973022,245000,is-sold,Sold by private treaty 07 Aug 2020,20200807,14 View Street,PAYNESVILLE,VIC,3880,-37.903,147.728973,NaN,NaN,NaN,VacantLand,Vacant land,False,551.0,m2,False
2017973441,listing,/75-main-road-paynesville-vic-3880-2017973441,380000,is-sold,Sold by private treaty 27 Jul 2020,20200727,75 Main Road,PAYNESVILLE,VIC,3880,-37.91178,147.719482,3,3,3,House,House,False,1005.0,m2,False
2012080779,listing,/112-grandview-road-paynesville-vic-3880-2012080779,90000,is-sold,Sold by private treaty 23 Jul 2020,20200723,112 Grandview Road,PAYNESVILLE,VIC,3880,-37.9147377,147.695419,NaN,NaN,NaN,VacantLand,Vacant land,False,807.0,m2,False
2012207680,listing,/9-coast-avenue-paynesville-vic-3880-2012207680,100000,is-sold,Sold by private treaty 08 Jul 2020,20200708,9 Coast Avenue,PAYNESVILLE,VIC,3880,-37.9066,147.70874,NaN,NaN,NaN,VacantLand,Vacant land,False,786.0,m2,False
2013949663,listing,/13-fort-king-place-paynesville-vic-3880-2013949663,470000,is-sold,Sold by private treaty 09 Jul 2020,20200709,13 Fort King Place,PAYNESVILLE,VIC,3880,-37.90685,147.7263,NaN,NaN,NaN,VacantLand,Vacant land,False,1121.0,m2,False
2014152724,listing,/-lot-7-8-the-grange-paynesville-vic-3880-2014152724,Price Withheld,is-sold,Sold by private treaty 19 Jul 2020,20200719,(Lot 7) 8 The Grange,PAYNESVILLE,VIC,3880,-37.90719,147.7147,NaN,NaN,NaN,VacantLand,Vacant land,False,603.0,m2,False
2015178897,listing,/15-lisa-court-raymond-island-vic-3880-2015178897,155000,is-sold,Sold by private treaty 22 Jul 2020,20200722,15 Lisa Court,RAYMOND ISLAND,VIC,3880,-37.9171333,147.732651,NaN,NaN,NaN,VacantLand,Vacant land,False,726.0,m2,False
2015927720,listing,/8-ninth-parade-raymond-island-vic-3880-2015927720,423550,is-sold,Sold by private treaty 15 Jul 2020,20200715,8 Ninth Parade,RAYMOND ISLAND,VIC,3880,-37.92003,147.730957,3,3,3,House,House,False,667.0,m2,False
2015976307,listing,/5-burden-place-paynesville-vic-3880-2015976307,100000,is-sold,Sold by private treaty 19 Jul 2020,20200719,5 Burden Place,PAYNESVILLE,VIC,3880,-37.9065,147.719,NaN,NaN,NaN,VacantLand,Vacant land,False,811.0,m2,False
2015978971,listing,/29-1-5-canal-road-paynesville-vic-3880-2015978971,Price Withheld,is-sold,Sold by private treaty 15 Jul 2020,20200715,29/1-5 Canal Road,PAYNESVILLE,VIC,3880,-37.9074936,147.721832,3,3,3,ApartmentUnitFlat,Apartment / Unit / Flat,False,0.0,m2,False
2015984480,listing,/12-ninth-pde-raymond-island-vic-3880-2015984480,370000,is-sold,Sold by private treaty 15 Jul 2020,20200715,12 Ninth Pde,RAYMOND ISLAND,VIC,3880,-37.9200859,147.731354,3,3,3,House,House,False,0.0,m2,False
2016132766,listing,/3-65-newlands-drive-paynesville-vic-3880-2016132766,261999,is-sold,Sold by private treaty 09 Jul 2020,20200709,3/65 Newlands Drive,PAYNESVILLE,VIC,3880,-37.91789,147.709579,2,2,2,ApartmentUnitFlat,Apartment / Unit / Flat,False,0.0,m2,False
2016163266,listing,/3-12-the-point-paynesville-vic-3880-2016163266,270000,is-sold,Sold by private treaty 13 Jul 2020,20200713,3/12 The Point,PAYNESVILLE,VIC,3880,-37.904026,147.725327,NaN,NaN,NaN,VacantLand,Vacant land,False,295.0,m2,False
2016214488,listing,/16-wisteria-pl-paynesville-vic-3880-2016214488,185000,is-sold,Sold by private treaty 08 Jul 2020,20200708,16 Wisteria Pl,PAYNESVILLE,VIC,3880,-37.9037,147.712387,NaN,NaN,NaN,VacantLand,Vacant land,False,1621.0,m2,False
2016254495,listing,/21-seventh-parade-raymond-island-vic-3880-2016254495,337500,is-sold,Sold by private treaty 08 Jul 2020,20200708,21 Seventh Parade,RAYMOND ISLAND,VIC,3880,-37.9211769,147.729645,4,4,4,House,House,False,715.0,m2,False
2016289026,listing,/crown-allo-240-centre-road-raymond-island-vic-3880-2016289026,Price Withheld,is-sold,Sold by private treaty 15 Jul 2020,20200715,Crown Allo/240 Centre Road,RAYMOND ISLAND,VIC,3880,-37.908268,147.753464,NaN,NaN,NaN,VacantLand,Vacant land,True,12.47,ha,False
2016310925,listing,/3-the-inlet-paynesville-vic-3880-2016310925,1450000,is-sold,Sold by private treaty 07 Jul 2020,20200707,3 The Inlet,PAYNESVILLE,VIC,3880,-37.9042549,147.719788,4,4,4,House,House,False,718.0,m2,False
2016313157,listing,/2-39-king-street-paynesville-vic-3880-2016313157,455000,is-sold,Sold by private treaty 11 Jul 2020,20200711,2/39 King Street,PAYNESVILLE,VIC,3880,-37.91537,147.719818,3,3,3,House,House,False,286.0,m2,False
2016325779,listing,/35-sixth-avenue-raymond-island-vic-3880-2016325779,332000,is-sold,Sold by private treaty 24 Jul 2020,20200724,35 Sixth Avenue,RAYMOND ISLAND,VIC,3880,-37.92319,147.727051,3,3,3,House,House,False,820.0,m2,False
2016340906,listing,/100-newlands-dr-paynesville-vic-3880-2016340906,367500,is-sold,Sold by private treaty 22 Jul 2020,20200722,100 Newlands Dr,PAYNESVILLE,VIC,3880,-37.9162827,147.707886,4,4,4,House,House,False,0.0,m2,False
2016406384,listing,/4-newton-close-paynesville-vic-3880-2016406384,330000,is-sold,Sold by private treaty 15 Jul 2020,20200715,4 Newton Close,PAYNESVILLE,VIC,3880,-37.91691,147.711716,3,3,3,House,House,False,830.0,m2,False
2016415797,listing,/4-65-newlands-drive-paynesville-vic-3880-2016415797,310000,is-sold,Sold by private treaty 10 Jul 2020,20200710,4/65 Newlands Drive,PAYNESVILLE,VIC,3880,-37.91776,147.709671,2,2,2,ApartmentUnitFlat,Apartment / Unit / Flat,False,0.0,m2,False
2012080852,listing,/67a-newlands-drive-paynesville-vic-3880-2012080852,Price Withheld,is-sold,Sold by private treaty 22 Jun 2020,20200622,67A Newlands Drive,PAYNESVILLE,VIC,3880,-37.91757,147.709717,4,4,4,House,House,False,800.0,m2,False
2012207681,listing,/11-coast-avenue-paynesville-vic-3880-2012207681,100000,is-sold,Sold by private treaty 27 Jun 2020,20200627,11 Coast Avenue,PAYNESVILLE,VIC,3880,-37.9068031,147.708633,NaN,NaN,NaN,VacantLand,Vacant land,False,878.0,m2,False
2012488923,listing,/1-bindi-court-paynesville-vic-3880-2012488923,95000,is-sold,Sold by private treaty 11 Jun 2020,20200611,1 Bindi Court,PAYNESVILLE,VIC,3880,-37.9015465,147.711319,NaN,NaN,NaN,VacantLand,Vacant land,False,620.0,m2,False
2013755182,listing,/53-slip-road-paynesville-vic-3880-2013755182,300000,is-sold,Sold by private treaty 05 Jun 2020,20200605,53 Slip Road,PAYNESVILLE,VIC,3880,-37.9131126,147.728119,2,2,2,House,House,False,873.0,m2,False
2015308733,listing,/56-ashley-street-paynesville-vic-3880-2015308733,275000,is-sold,Sold by private treaty 09 Jun 2020,20200609,56 Ashley Street,PAYNESVILLE,VIC,3880,-37.9103622,147.713608,3,3,3,House,House,False,887.0,m2,False
2015359064,listing,/65-fullarton-drive-paynesville-vic-3880-2015359064,745000,is-sold,Sold by private treaty 09 Jun 2020,20200609,65 Fullarton Drive,PAYNESVILLE,VIC,3880,-37.90191,147.71376,4,4,4,House,House,False,849.0,m2,False
2015810628,listing,/villa-25-1-5-canal-road-paynesville-vic-3880-2015810628,Price Withheld,is-sold,Sold by private treaty 21 May 2020,20200521,Villa 25/1-5 Canal Road,PAYNESVILLE,VIC,3880,-37.9074936,147.721832,2,2,2,ApartmentUnitFlat,Apartment / Unit / Flat,False,0.0,m2,False
2015970091,listing,/6-the-moorings-paynesville-vic-3880-2015970091,268000,is-sold,Sold by private treaty 25 May 2020,20200525,6 The Moorings,PAYNESVILLE,VIC,3880,-37.914,147.721619,4,4,4,House,House,False,1002.0,m2,False
2016063258,listing,/95-western-boulevard-raymond-island-vic-3880-2016063258,565000,is-sold,Sold by private treaty 01 Jun 2020,20200601,95 Western Boulevard,RAYMOND ISLAND,VIC,3880,-37.9136124,147.732208,3,3,3,House,House,False,1124.0,m2,False
2016063785,listing,/63-wellington-st-paynesville-vic-3880-2016063785,875000,is-sold,Sold by private treaty 19 Jun 2020,20200619,63 Wellington St,PAYNESVILLE,VIC,3880,-37.91248,147.723557,4,4,4,House,House,False,844.0,m2,False
2016094769,listing,/18-waterloo-ct-paynesville-vic-3880-2016094769,575000,is-sold,Sold by private treaty 29 Jun 2020,20200629,18 Waterloo Ct,PAYNESVILLE,VIC,3880,-37.91509,147.72374,4,4,4,House,House,False,0.0,m2,False
2016105923,listing,/1-paynesville-rd-paynesville-vic-3880-2016105923,240000,is-sold,Sold by private treaty 28 May 2020,20200528,1 Paynesville Rd,PAYNESVILLE,VIC,3880,-37.9075661,147.720016,3,3,3,House,House,False,659.0,m2,False
2016191467,listing,/34-newlands-drive-paynesville-vic-3880-2016191467,510000,is-sold,Sold by private treaty 21 Jun 2020,20200621,34 Newlands Drive,PAYNESVILLE,VIC,3880,-37.9190063,147.713913,4,4,4,House,House,False,1028.0,m2,False
2016191976,listing,/17b-bishop-view-paynesville-vic-3880-2016191976,98750,is-sold,Sold by private treaty 14 May 2020,20200514,17B Bishop View,PAYNESVILLE,VIC,3880,-37.91322,147.711044,NaN,NaN,NaN,VacantLand,Vacant land,False,491.0,m2,False
2016289025,listing,/1-67-wellington-street-paynesville-vic-3880-2016289025,613000,is-sold,Sold by private treaty 03 Jul 2020,20200703,1/67 Wellington Street,PAYNESVILLE,VIC,3880,-37.91217,147.723679,3,3,3,House,House,False,494.0,m2,False
2016291303,listing,/2-39-victoria-street-paynesville-vic-3880-2016291303,265000,is-sold,Sold by private treaty 05 Jun 2020,20200605,2/39 Victoria Street,PAYNESVILLE,VIC,3880,-37.916935,147.720413,2,2,2,ApartmentUnitFlat,Apartment / Unit / Flat,False,0.0,m2,False
2016291655,listing,/20-lotus-place-paynesville-vic-3880-2016291655,495000,is-sold,Sold by private treaty 12 Jun 2020,20200612,20 Lotus Place,PAYNESVILLE,VIC,3880,-37.90591,147.712372,4,4,4,House,House,False,0.0,m2,False
2016342767,listing,/9-acacia-court-paynesville-vic-3880-2016342767,429000,is-sold,Sold by private treaty 07 Jul 2020,20200707,9 Acacia Court,PAYNESVILLE,VIC,3880,-37.9120026,147.711472,3,3,3,House,House,False,1036.0,m2,False
2016345791,listing,/20-cumming-st-paynesville-vic-3880-2016345791,380000,is-sold,Sold by private treaty 03 Jul 2020,20200703,20 Cumming St,PAYNESVILLE,VIC,3880,-37.9102,147.719009,4,4,4,House,House,False,0.0,m2,False
2016431736,listing,/2-mariners-place-paynesville-vic-3880-2016431736,450000,is-sold,Sold by private treaty 30 Jun 2020,20200630,2 Mariners Place,PAYNESVILLE,VIC,3880,-37.91679,147.723175,3,3,3,House,House,False,436.0,m2,False
2014904392,listing,/13a-windjammer-court-paynesville-vic-3880-2014904392,670000,is-sold,Sold by private treaty 03 Mar 2020,20200303,13A Windjammer Court,PAYNESVILLE,VIC,3880,-37.90993,147.725616,3,3,3,House,House,False,536.0,m2,False
2015149193,listing,/3-7-king-street-paynesville-vic-3880-2015149193,685000,is-sold,Sold by private treaty 05 Mar 2020,20200305,3/7 King Street,PAYNESVILLE,VIC,3880,-37.9164,147.725616,3,3,3,ApartmentUnitFlat,Apartment / Unit / Flat,False,0.0,m2,False
2015292378,listing,/27-reynolds-street-paynesville-vic-3880-2015292378,320000,is-sold,Sold by private treaty 02 Mar 2020,20200302,27 Reynolds Street,PAYNESVILLE,VIC,3880,-37.91568,147.715851,3,3,3,House,House,False,646.0,m2,False
2015415050,listing,/34-william-st-paynesville-vic-3880-2015415050,342000,is-sold,Sold by private treaty 04 Mar 2020,20200304,34 William St,PAYNESVILLE,VIC,3880,-37.90986,147.716415,3,3,3,House,House,False,827.0,m2,False
2015545167,listing,/14-kellina-ct-paynesville-vic-3880-2015545167,530000,is-sold,Sold by private treaty 20 Mar 2020,20200320,14 Kellina Ct,PAYNESVILLE,VIC,3880,-37.9152374,147.692642,3,3,3,House,House,False,0.0,m2,False
2015680217,listing,/29-first-pde-raymond-island-vic-3880-2015680217,650000,is-sold,Sold by private treaty 26 Mar 2020,20200326,29 First Pde,RAYMOND ISLAND,VIC,3880,-37.9258423,147.72554,3,3,3,House,House,False,1841.0,m2,False
2015827773,listing,/8-ah-yee-place-paynesville-vic-3880-2015827773,318500,is-sold,Sold by private treaty 01 May 2020,20200501,8 Ah Yee Place,PAYNESVILLE,VIC,3880,-37.90627,147.709457,4,4,4,House,House,False,615.0,m2,False
2015904379,listing,/3-1-windjammer-court-paynesville-vic-3880-2015904379,350000,is-sold,Sold by private treaty 31 Mar 2020,20200331,3/1 Windjammer Court,PAYNESVILLE,VIC,3880,-37.9110031,147.725586,2,2,2,ApartmentUnitFlat,Apartment / Unit / Flat,False,0.0,m2,False
2015927387,listing,/14-admirals-quay-paynesville-vic-3880-2015927387,1400000,is-sold,Sold by private treaty 28 Feb 2020,20200228,14 Admirals Quay,PAYNESVILLE,VIC,3880,-37.9066238,147.724457,4,4,4,House,House,False,1641.0,m2,False
2015966045,listing,/166-newlands-dr-paynesville-vic-3880-2015966045,350000,is-sold,Sold by private treaty 02 Mar 2020,20200302,166 Newlands Dr,PAYNESVILLE,VIC,3880,-37.91497,147.700012,3,3,3,House,House,False,934.0,m2,False
2015979129,listing,/16-9-11-wellington-street-paynesville-vic-3880-2015979129,Price Withheld,is-sold,Sold by private treaty 05 Mar 2020,20200305,16/9-11 Wellington Street,PAYNESVILLE,VIC,3880,-37.91761,147.720978,2,2,2,ApartmentUnitFlat,Apartment / Unit / Flat,False,0.0,m2,False
2016033278,listing,/6-caddie-paynesville-vic-3880-2016033278,Price Withheld,is-sold,Sold by private treaty 03 Apr 2020,20200403,6 Caddie,PAYNESVILLE,VIC,3880,-37.90295,147.711685,4,4,4,House,House,False,0.0,m2,False
2016059573,listing,/10-reynolds-street-paynesville-vic-3880-2016059573,380000,is-sold,Sold by private treaty 06 Mar 2020,20200306,10 Reynolds Street,PAYNESVILLE,VIC,3880,-37.9171562,147.715927,3,3,3,House,House,False,753.0,m2,False
2016062396,listing,/4-mariners-place-paynesville-vic-3880-2016062396,425000,is-sold,Sold by private treaty 04 Mar 2020,20200304,4 Mariners Place,PAYNESVILLE,VIC,3880,-37.916523,147.722961,3,3,3,House,House,False,520.0,m2,False
2016075525,listing,/107-king-street-paynesville-vic-3880-2016075525,535000,is-sold,Sold by private treaty 14 Mar 2020,20200314,107 King Street,PAYNESVILLE,VIC,3880,-37.91417,147.71109,4,4,4,House,House,False,993.0,m2,False
2016093585,listing,/5-harbour-court-paynesville-vic-3880-2016093585,262000,is-sold,Sold by private treaty 08 May 2020,20200508,5 Harbour Court,PAYNESVILLE,VIC,3880,-37.91353,147.721786,3,3,3,House,House,False,950.0,m2,False
2016115764,listing,/19-1-5-canal-road-paynesville-vic-3880-2016115764,285000,is-sold,Sold by private treaty 04 May 2020,20200504,19/1-5 Canal Road,PAYNESVILLE,VIC,3880,-37.9074936,147.721832,3,3,3,ApartmentUnitFlat,Apartment / Unit / Flat,False,0.0,m2,True
2016179812,listing,/6-29-king-street-paynesville-vic-3880-2016179812,238000,is-sold,Sold by private treaty 13 May 2020,20200513,6/29 King Street,PAYNESVILLE,VIC,3880,-37.9157829,147.72113,2,2,2,ApartmentUnitFlat,Apartment / Unit / Flat,False,0.0,m2,False
2016183820,listing,/13-coast-avenue-paynesville-vic-3880-2016183820,335000,is-sold,Sold by private treaty 06 Mar 2020,20200306,13 Coast Avenue,PAYNESVILLE,VIC,3880,-37.90697,147.708572,4,4,4,House,House,False,863.0,m2,False
2016209177,listing,/430-centre-road-raymond-island-vic-3880-2016209177,510000,is-sold,Sold by private treaty 18 Apr 2020,20200418,430 Centre Road,RAYMOND ISLAND,VIC,3880,-37.8992767,147.774261,3,3,3,House,House,True,1.23,ha,False
2012488920,listing,/lot-62-eagle-bay-terrace-paynesville-vic-3880-2012488920,Price Withheld,is-sold,Sold by private treaty 24 Feb 2020,20200224,Lot 62 Eagle Bay Terrace,PAYNESVILLE,VIC,3880,-37.9009628,147.712418,NaN,NaN,NaN,VacantLand,Vacant land,False,1323.0,m2,False
2012488924,listing,/3-basstian-court-paynesville-vic-3880-2012488924,99000,is-sold,Sold by private treaty 21 Feb 2020,20200221,3 Basstian Court,PAYNESVILLE,VIC,3880,-37.9011726,147.710083,NaN,NaN,NaN,VacantLand,Vacant land,False,702.0,m2,False
2014894443,listing,/11-third-parade-raymond-island-vic-3880-2014894443,380000,is-sold,Sold by private treaty 10 Feb 2020,20200210,11 Third Parade,RAYMOND ISLAND,VIC,3880,-37.9243736,147.72699,3,3,3,House,House,False,736.0,m2,False
2015250554,listing,/8-nautilus-close-paynesville-vic-3880-2015250554,175000,is-sold,Sold by private treaty 11 Feb 2020,20200211,8 Nautilus Close,PAYNESVILLE,VIC,3880,-37.9059525,147.730911,NaN,NaN,NaN,VacantLand,Vacant land,False,485.0,m2,False
2015318469,listing,/39-cumming-street-paynesville-vic-3880-2015318469,310000,is-sold,Sold by private treaty 10 Feb 2020,20200210,39 Cumming Street,PAYNESVILLE,VIC,3880,-37.9090271,147.718872,3,3,3,House,House,False,804.0,m2,False
2015460884,listing,/31-magnetic-retreat-paynesville-vic-3880-2015460884,119500,is-sold,Sold by private treaty 21 Feb 2020,20200221,31 Magnetic Retreat,PAYNESVILLE,VIC,3880,-37.90462,147.723068,NaN,NaN,NaN,VacantLand,Vacant land,False,450.0,m2,False
2015534004,listing,/37-mcmillan-grove-paynesville-vic-3880-2015534004,Price Withheld,is-sold,Sold by private treaty 20 Feb 2020,20200220,37 McMillan Grove,PAYNESVILLE,VIC,3880,-37.90456,147.729889,2,2,2,House,House,False,535.0,m2,False
2015613498,listing,/70-king-street-paynesville-vic-3880-2015613498,270500,is-sold,Sold by private treaty 12 Feb 2020,20200212,70 King Street,PAYNESVILLE,VIC,3880,-37.91446,147.715088,2,2,2,House,House,False,562.0,m2,False
2015613573,listing,/37a-haylock-drive-paynesville-vic-3880-2015613573,358000,is-sold,Sold by private treaty 18 Feb 2020,20200218,37A Haylock Drive,PAYNESVILLE,VIC,3880,-37.91126,147.712326,3,3,3,House,House,False,497.0,m2,False
2015663522,listing,/64-newlands-drive-paynesville-vic-3880-2015663522,432000,is-sold,Sold by private treaty 04 Feb 2020,20200204,64 Newlands Drive,PAYNESVILLE,VIC,3880,-37.91855,147.710434,3,3,3,House,House,False,1062.0,m2,False
2015813982,listing,/72a-ashley-street-paynesville-vic-3880-2015813982,372500,is-sold,Sold by private treaty 11 Feb 2020,20200211,72A Ashley Street,PAYNESVILLE,VIC,3880,-37.91007,147.711838,3,3,3,House,House,False,475.0,m2,False
2015873883,listing,/43-first-pde-raymond-island-vic-3880-2015873883,145000,is-sold,Sold by private treaty 21 Feb 2020,20200221,43 First Pde,RAYMOND ISLAND,VIC,3880,-37.9261,147.72731,NaN,NaN,NaN,VacantLand,Vacant land,False,819.0,m2,False
2015899951,listing,/15-lindemann-retreat-paynesville-vic-3880-2015899951,439000,is-sold,Sold by private treaty 12 Feb 2020,20200212,15 Lindemann Retreat,PAYNESVILLE,VIC,3880,-37.90795,147.716629,3,3,3,House,House,False,703.0,m2,False
2015906055,listing,/7-haylock-drive-paynesville-vic-3880-2015906055,390000,is-sold,Sold by private treaty 13 Feb 2020,20200213,7 Haylock Drive,PAYNESVILLE,VIC,3880,-37.91126,147.712326,4,4,4,House,House,False,769.0,m2,False
2016016119,listing,/145-western-boulevard-raymond-island-vic-3880-2016016119,670000,is-sold,Sold by private treaty 11 Feb 2020,20200211,145 Western Boulevard,RAYMOND ISLAND,VIC,3880,-37.9096642,147.73317,3,3,3,House,House,False,675.0,m2,False
2016064359,listing,/36-vaughan-street-paynesville-vic-3880-2016064359,255000,is-sold,Sold by private treaty 07 Feb 2020,20200207,36 Vaughan Street,PAYNESVILLE,VIC,3880,-37.90919,147.7179,3,3,3,House,House,False,802.0,m2,False
2016072715,listing,/2-37-langford-parade-paynesville-vic-3880-2016072715,341000,is-sold,Sold by private treaty 13 Feb 2020,20200213,2/37 Langford Parade,PAYNESVILLE,VIC,3880,-37.9157448,147.719818,3,3,3,ApartmentUnitFlat,Apartment / Unit / Flat,False,344.0,m2,False
2016124184,listing,/28-langford-parade-paynesville-vic-3880-2016124184,525000,is-sold,Sold by private treaty 07 Feb 2020,20200207,28 Langford Parade,PAYNESVILLE,VIC,3880,-37.91604,147.720444,3,3,3,House,House,False,1002.0,m2,False
2017972073,listing,/64-newlands-drive-paynesville-vic-3880-2017972073,432000,is-sold,Sold by private treaty 04 Feb 2020,20200204,64 Newlands Drive,PAYNESVILLE,VIC,3880,-37.918457,147.710449,3,3,3,House,House,False,1062.0,m2,False
2017972949,listing,/7-haylock-drive-paynesville-vic-3880-2017972949,390000,is-sold,Sold by private treaty 13 Feb 2020,20200213,7 Haylock Drive,PAYNESVILLE,VIC,3880,-37.9112434,147.711044,4,4,4,House,House,False,769.0,m2,False
2014064380,listing,/54-4-14-gilsenan-street-paynesville-vic-3880-2014064380,Price Withheld,is-sold,Sold by private treaty 23 Dec 2019,20191223,54/4 - 14 Gilsenan Street,PAYNESVILLE,VIC,3880,-37.91785,147.714142,2,2,2,ApartmentUnitFlat,Apartment / Unit / Flat,False,0.0,m2,False
2014787380,listing,/1-103-main-road-paynesville-vic-3880-2014787380,193000,is-sold,Sold by private treaty 20 Dec 2019,20191220,1/103 Main Road,PAYNESVILLE,VIC,3880,-37.90914,147.720154,2,2,2,ApartmentUnitFlat,Apartment / Unit / Flat,False,0.0,m2,False
2014790797,listing,/33-driftwood-close-paynesville-vic-3880-2014790797,279500,is-sold,Sold by private treaty 04 Feb 2020,20200204,33 Driftwood Close,PAYNESVILLE,VIC,3880,-37.9033,147.724045,NaN,NaN,NaN,VacantLand,Vacant land,False,463.0,m2,False
2015480927,listing,/71-slip-road-paynesville-vic-3880-2015480927,432000,is-sold,Sold by private treaty 15 Jan 2020,20200115,71 Slip Road,PAYNESVILLE,VIC,3880,-37.9119339,147.72673,3,3,3,House,House,False,702.0,m2,False
2015626754,listing,/67-langford-parade-paynesville-vic-3880-2015626754,360000,is-sold,Sold by private treaty 25 Dec 2019,20191225,67 Langford Parade,PAYNESVILLE,VIC,3880,-37.913372,147.720642,3,3,3,House,House,False,774.0,m2,False
2015657071,listing,/16-fullarton-drive-paynesville-vic-3880-2015657071,425000,is-sold,Sold by private treaty 19 Dec 2019,20191219,16 Fullarton Drive,PAYNESVILLE,VIC,3880,-37.9047928,147.717453,3,3,3,House,House,False,789.0,m2,False
2015684881,listing,/1-cumming-street-paynesville-vic-3880-2015684881,310000,is-sold,Sold by private treaty 28 Jan 2020,20200128,1 Cumming Street,PAYNESVILLE,VIC,3880,-37.911953,147.7182,4,4,4,House,House,False,768.0,m2,False
2015754985,listing,/15-riviera-close-paynesville-vic-3880-2015754985,580000,is-sold,Sold by private treaty 22 Jan 2020,20200122,15 Riviera Close,PAYNESVILLE,VIC,3880,-37.9091072,147.71283,3,3,3,House,House,False,1994.0,m2,False
2015824687,listing,/7-gilsenan-st-paynesville-vic-3880-2015824687,300000,is-sold,Sold by private treaty 22 Jan 2020,20200122,7 Gilsenan St,PAYNESVILLE,VIC,3880,-37.9181862,147.714127,3,3,3,House,House,False,1076.0,m2,False
2015842691,listing,/11-9-11-wellington-street-paynesville-vic-3880-2015842691,Price Withheld,is-sold,Sold by private treaty 14 Jan 2020,20200114,11/9-11 Wellington Street,PAYNESVILLE,VIC,3880,-37.91761,147.720978,2,2,2,ApartmentUnitFlat,Apartment / Unit / Flat,False,0.0,m2,False
2015883417,listing,/136-newlands-dr-paynesville-vic-3880-2015883417,472000,is-sold,Sold by private treaty 30 Jan 2020,20200130,136 Newlands Dr,PAYNESVILLE,VIC,3880,-37.91567,147.703613,5,5,5,House,House,False,1016.0,m2,False
2015892610,listing,/19-19-mitchell-st-paynesville-vic-3880-2015892610,440000,is-sold,Sold by private treaty 14 Jan 2020,20200114,19/19 Mitchell St,PAYNESVILLE,VIC,3880,-37.91475,147.725525,3,3,3,House,House,False,0.0,m2,False
2015899547,listing,/27-fullarton-dr-paynesville-vic-3880-2015899547,418000,is-sold,Sold by private treaty 31 Jan 2020,20200131,27 Fullarton Dr,PAYNESVILLE,VIC,3880,-37.9047661,147.7161,3,3,3,House,House,False,788.0,m2,False
2015939989,listing,/7-19-toonalook-parade-paynesville-vic-3880-2015939989,269000,is-sold,Sold by private treaty 29 Jan 2020,20200129,7/19 Toonalook Parade,PAYNESVILLE,VIC,3880,-37.9175758,147.7164,3,3,3,House,House,False,0.0,m2,False
2015956972,listing,/22-toonalook-parade-paynesville-vic-3880-2015956972,254000,is-sold,Sold by private treaty 03 Jan 2020,20200103,22 Toonalook Parade,PAYNESVILLE,VIC,3880,-37.91633,147.717712,3,3,3,House,House,False,604.0,m2,False
2015973977,listing,/44-newlands-drive-paynesville-vic-3880-2015973977,471000,is-sold,Sold by private treaty 13 Jan 2020,20200113,44 Newlands Drive,PAYNESVILLE,VIC,3880,-37.9190331,147.712769,5,5,5,House,House,False,1104.0,m2,False
2016020318,listing,/12-marina-drive-paynesville-vic-3880-2016020318,770000,is-sold,Sold by private treaty 01 Feb 2020,20200201,12 Marina Drive,PAYNESVILLE,VIC,3880,-37.90396,147.730591,6,6,6,House,House,False,1111.0,m2,False
2016025573,listing,/50-centre-rd-raymond-island-vic-3880-2016025573,600000,is-sold,Sold by private treaty 28 Jan 2020,20200128,50 Centre Rd,RAYMOND ISLAND,VIC,3880,-37.91531,147.737762,3,3,3,House,House,True,3.44,ha,False
2016174613,listing,/11-19-toonalook-parade-paynesville-vic-3880-2016174613,247500,is-sold,Sold by private treaty 23 Jan 2020,20200123,11/19 Toonalook Parade,PAYNESVILLE,VIC,3880,-37.9172363,147.716583,3,3,3,ApartmentUnitFlat,Apartment / Unit / Flat,False,0.0,m2,False
2016189822,listing,/2-newton-close-paynesville-vic-3880-2016189822,349000,is-sold,Sold by private treaty 01 Feb 2020,20200201,2 Newton Close,PAYNESVILLE,VIC,3880,-37.91706,147.712051,3,3,3,House,House,False,7850.0,m2,False
2013034758,listing,/2-12-the-point-paynesville-vic-3880-2013034758,215000,is-sold,Sold by private treaty 16 Dec 2019,20191216,2/12 The Point,PAYNESVILLE,VIC,3880,-37.9041061,147.725388,NaN,NaN,NaN,VacantLand,Vacant land,False,213.0,m2,False
2014700297,listing,/200-jones-road-paynesville-vic-3880-2014700297,760000,is-sold,Sold by private treaty 06 Dec 2019,20191206,200 Jones Road,PAYNESVILLE,VIC,3880,-37.91126,147.712326,4,4,4,House,House,False,0.0,m2,False
2014780724,listing,/1-29-king-street-paynesville-vic-3880-2014780724,240000,is-sold,Sold by private treaty 13 Nov 2019,20191113,1/29 King Street,PAYNESVILLE,VIC,3880,-37.9156265,147.721527,2,2,2,ApartmentUnitFlat,Apartment / Unit / Flat,False,172.0,m2,False
2015245571,listing,/12-13-currawong-close-raymond-island-vic-3880-2015245571,433000,is-sold,Sold by private treaty 15 Dec 2019,20191215,12-13 Currawong Close,RAYMOND ISLAND,VIC,3880,-37.915844,147.733261,3,3,3,House,House,False,1163.0,m2,False
2015391471,listing,/13-the-grange-paynesville-vic-3880-2015391471,459000,is-sold,Sold by private treaty 08 Dec 2019,20191208,13 The Grange,PAYNESVILLE,VIC,3880,-37.9076958,147.714233,3,3,3,House,House,False,630.0,m2,False
2015400843,listing,/18-queen-street-paynesville-vic-3880-2015400843,Price Withheld,is-sold,Sold by private treaty 15 Dec 2019,20191215,18 Queen Street,PAYNESVILLE,VIC,3880,-37.9157028,147.7129,2,2,2,ApartmentUnitFlat,Apartment / Unit / Flat,False,318.0,m2,False
2015470091,listing,/13-lara-cl-paynesville-vic-3880-2015470091,265000,is-sold,Sold by private treaty 20 Nov 2019,20191120,13 Lara Cl,PAYNESVILLE,VIC,3880,-37.90596,147.717331,4,4,4,House,House,False,722.0,m2,False
2015508636,listing,/unit-26-5-canal-rd-paynesville-vic-3880-2015508636,250000,is-sold,Sold by private treaty 25 Nov 2019,20191125,Unit 26/5 Canal Rd,PAYNESVILLE,VIC,3880,-37.9064827,147.722641,2,2,2,Villa,Villa,False,168.0,m2,False
2015518254,listing,/17-king-street-paynesville-vic-3880-2015518254,860000,is-sold,Sold by private treaty 16 Dec 2019,20191216,17 King Street,PAYNESVILLE,VIC,3880,-37.91604,147.72435,3,3,3,House,House,False,634.0,m2,False
2015611039,listing,/4-sheerwater-terrace-paynesville-vic-3880-2015611039,875000,is-sold,Sold by private treaty 06 Nov 2019,20191106,4 Sheerwater Terrace,PAYNESVILLE,VIC,3880,-37.9112167,147.722549,3,3,3,House,House,False,960.0,m2,False
2015659385,listing,/5-smallman-ct-paynesville-vic-3880-2015659385,320000,is-sold,Sold by private treaty 09 Dec 2019,20191209,5 Smallman Ct,PAYNESVILLE,VIC,3880,-37.9089775,147.708115,4,4,4,House,House,False,802.0,m2,False
2015756353,listing,/100-main-rd-paynesville-vic-3880-2015756353,Price Withheld,is-sold,Sold by private treaty 03 Nov 2019,20191103,100 Main Rd,PAYNESVILLE,VIC,3880,-37.9103928,147.720459,2,2,2,ApartmentUnitFlat,Apartment / Unit / Flat,False,171.0,m2,False
2015768885,listing,/41-first-pde-raymond-island-vic-3880-2015768885,365000,is-sold,Sold by private treaty 06 Nov 2019,20191106,41 First Pde,RAYMOND ISLAND,VIC,3880,-37.926075,147.727127,4,4,4,House,House,False,828.0,m2,False
2015782644,listing,/25-seventh-pde-raymond-island-vic-3880-2015782644,255000,is-sold,Sold by private treaty 15 Nov 2019,20191115,25 Seventh Pde,RAYMOND ISLAND,VIC,3880,-37.9212723,147.730286,3,3,3,House,House,False,672.0,m2,False
2015809415,listing,/28-cumming-street-paynesville-vic-3880-2015809415,220000,is-sold,Sold by private treaty 25 Nov 2019,20191125,28 Cumming Street,PAYNESVILLE,VIC,3880,-37.9095039,147.719177,3,3,3,House,House,False,1012.0,m2,False
2015866015,listing,/10-parkwood-close-paynesville-vic-3880-2015866015,320000,is-sold,Sold by private treaty 27 Nov 2019,20191127,10 Parkwood Close,PAYNESVILLE,VIC,3880,-37.91478,147.712662,3,3,3,House,House,False,917.0,m2,False
2015878732,listing,/unit-3-9-11-wellington-st-paynesville-vic-3880-2015878732,Price Withheld,is-sold,Sold by private treaty 06 Dec 2019,20191206,Unit 3/9-11 Wellington St,PAYNESVILLE,VIC,3880,-37.91761,147.720978,3,3,3,ApartmentUnitFlat,Apartment / Unit / Flat,False,177.0,m2,False
2015912448,listing,/4-eaton-pl-paynesville-vic-3880-2015912448,355000,is-sold,Sold by private treaty 16 Dec 2019,20191216,4 Eaton Pl,PAYNESVILLE,VIC,3880,-37.9148941,147.722519,3,3,3,House,House,False,0.0,m2,False
2015929298,listing,/48-main-rd-paynesville-vic-3880-2015929298,Price Withheld,is-sold,Sold by private treaty 19 Dec 2019,20191219,48 Main Rd,PAYNESVILLE,VIC,3880,-37.91483,147.71933,2,2,2,ApartmentUnitFlat,Apartment / Unit / Flat,False,201.0,m2,False
2015944053,listing,/22-wisteria-place-paynesville-vic-3880-2015944053,159000,is-sold,Sold by private treaty 18 Dec 2019,20191218,22 Wisteria Place,PAYNESVILLE,VIC,3880,-37.90447,147.712875,NaN,NaN,NaN,VacantLand,Vacant land,False,951.0,m2,False
2013588003,listing,/8-fort-king-pl-paynesville-vic-3880-2013588003,1400000,is-sold,Sold by private treaty 22 Oct 2019,20191022,8 Fort King Pl,PAYNESVILLE,VIC,3880,-37.90766,147.725922,5,5,5,House,House,False,0.0,m2,False
2014743250,listing,/11-2-8-victoria-street-paynesville-vic-3880-2014743250,118500,is-sold,Sold by private treaty 30 Oct 2019,20191030,11/2-8 Victoria Street,PAYNESVILLE,VIC,3880,-37.9175072,147.7255,1,1,1,ApartmentUnitFlat,Apartment / Unit / Flat,False,0.0,m2,False
2014800573,listing,/63-65-tenth-raymond-island-vic-3880-2014800573,Price Withheld,is-sold,Sold by private treaty 04 Oct 2019,20191004,63-65 Tenth,RAYMOND ISLAND,VIC,3880,-37.92087,147.7304,5,5,5,House,House,False,0.0,m2,False
2014859510,listing,/13-driftwood-close-paynesville-vic-3880-2014859510,1260000,is-sold,Sold by private treaty 21 Oct 2019,20191021,13 Driftwood Close,PAYNESVILLE,VIC,3880,-37.9029846,147.7256,4,4,4,House,House,False,788.0,m2,False
2014952921,listing,/site-61-4-14-gilsenan-street-paynesville-vic-3880-2014952921,Price Withheld,is-sold,Sold by private treaty 20 Oct 2019,20191020,Site 61/4-14 Gilsenan Street,PAYNESVILLE,VIC,3880,-37.91785,147.714142,1,1,1,ApartmentUnitFlat,Apartment / Unit / Flat,False,0.0,m2,False
2015334822,listing,/16-haylock-drive-paynesville-vic-3880-2015334822,112000,is-sold,Sold by private treaty 17 Oct 2019,20191017,16 Haylock Drive,PAYNESVILLE,VIC,3880,-37.91126,147.712326,NaN,NaN,NaN,VacantLand,Vacant land,False,800.0,m2,False
2015359428,listing,/1-magnolia-way-paynesville-vic-3880-2015359428,435000,is-sold,Sold by private treaty 21 Oct 2019,20191021,1 Magnolia Way,PAYNESVILLE,VIC,3880,-37.9049568,147.714,5,5,5,House,House,False,1465.0,m2,False
2015468232,listing,/24-haylock-drive-paynesville-vic-3880-2015468232,110000,is-sold,Sold by private treaty 25 Oct 2019,20191025,24 Haylock Drive,PAYNESVILLE,VIC,3880,-37.91126,147.712326,NaN,NaN,NaN,VacantLand,Vacant land,False,800.0,m2,False
2015485267,listing,/1-tanjil-avenue-paynesville-vic-3880-2015485267,265000,is-sold,Sold by private treaty 21 Oct 2019,20191021,1 Tanjil Avenue,PAYNESVILLE,VIC,3880,-37.9060364,147.729492,3,3,3,House,House,False,514.0,m2,False
2015504208,listing,/42-vaughan-street-paynesville-vic-3880-2015504208,374000,is-sold,Sold by private treaty 24 Oct 2019,20191024,42 Vaughan Street,PAYNESVILLE,VIC,3880,-37.90875,147.718,3,3,3,House,House,False,792.0,m2,False
2015533000,listing,/5-riviera-close-paynesville-vic-3880-2015533000,425000,is-sold,Sold by private treaty 14 Oct 2019,20191014,5 Riviera Close,PAYNESVILLE,VIC,3880,-37.9097328,147.7124,3,3,3,House,House,False,1575.0,m2,False
2015614254,listing,/9-callistemon-court-paynesville-vic-3880-2015614254,265000,is-sold,Sold by private treaty 24 Oct 2019,20191024,9 Callistemon Court,PAYNESVILLE,VIC,3880,-37.91292,147.7116,2,2,2,House,House,False,715.0,m2,False
2015652165,listing,/20-newton-cl-paynesville-vic-3880-2015652165,376000,is-sold,Sold by private treaty 04 Oct 2019,20191004,20 Newton Cl,PAYNESVILLE,VIC,3880,-37.91493,147.711258,3,3,3,House,House,False,0.0,m2,False
2015661994,listing,/10-woodland-court-paynesville-vic-3880-2015661994,380000,is-sold,Sold by private treaty 25 Oct 2019,20191025,10 Woodland Court,PAYNESVILLE,VIC,3880,-37.9144669,147.705521,4,4,4,House,House,False,929.0,m2,False
2015665765,listing,/3-queen-st-paynesville-vic-3880-2015665765,307500,is-sold,Sold by private treaty 24 Oct 2019,20191024,3 Queen St,PAYNESVILLE,VIC,3880,-37.917305,147.712433,3,3,3,House,House,False,800.0,m2,False
2015704930,listing,/24-magnetic-retreat-paynesville-vic-3880-2015704930,375000,is-sold,Sold by private treaty 17 Oct 2019,20191017,24 Magnetic Retreat,PAYNESVILLE,VIC,3880,-37.90447,147.724319,NaN,NaN,NaN,VacantLand,Vacant land,False,492.0,m2,False
2015723478,listing,/11-queen-street-paynesville-vic-3880-2015723478,305000,is-sold,Sold by private treaty 14 Oct 2019,20191014,11 Queen Street,PAYNESVILLE,VIC,3880,-37.9162979,147.712311,3,3,3,House,House,False,751.0,m2,False
2015739043,listing,/23-haylock-drive-paynesville-vic-3880-2015739043,420000,is-sold,Sold by private treaty 24 Oct 2019,20191024,23 Haylock Drive,PAYNESVILLE,VIC,3880,-37.91126,147.712326,3,3,3,House,House,False,751.0,m2,False
2015745098,listing,/11-callistemon-court-paynesville-vic-3880-2015745098,270000,is-sold,Sold by private treaty 31 Oct 2019,20191031,11 Callistemon Court,PAYNESVILLE,VIC,3880,-37.91282,147.711929,3,3,3,House,House,False,840.0,m2,False
2015814516,listing,/51-king-street-paynesville-vic-3880-2015814516,315000,is-sold,Sold by private treaty 12 Oct 2019,20191012,51 King Street,PAYNESVILLE,VIC,3880,-37.9150734,147.717545,2,2,2,House,House,False,589.0,m2,False
2012488933,listing,/1-caddie-court-paynesville-vic-3880-2012488933,120000,is-sold,Sold by private treaty 29 Aug 2019,20190829,1 Caddie Court,PAYNESVILLE,VIC,3880,-37.90261,147.711533,NaN,NaN,NaN,VacantLand,Vacant land,False,750.0,m2,False
2013034755,listing,/lot-13-12-the-point-paynesville-vic-3880-2013034755,Price Withheld,is-sold,Sold by private treaty 19 Sep 2019,20190919,Lot 13/12 The Point,PAYNESVILLE,VIC,3880,-37.904377,147.7262,NaN,NaN,NaN,VacantLand,Vacant land,False,279.0,m2,False
2014523918,listing,/155a-newlands-drive-paynesville-vic-3880-2014523918,Price Withheld,is-sold,Sold by private treaty 18 Sep 2019,20190918,155A Newlands Drive,PAYNESVILLE,VIC,3880,-37.91523,147.699539,NaN,NaN,NaN,VacantLand,Vacant land,False,572.0,m2,False
2014632103,listing,/25-waratah-ave-paynesville-vic-3880-2014632103,290000,is-sold,Sold by private treaty 23 Sep 2019,20190923,25 Waratah Ave,PAYNESVILLE,VIC,3880,-37.911396,147.713165,3,3,3,House,House,False,0.0,m2,False
2014800522,listing,/41-fullarton-dr-paynesville-vic-3880-2014800522,Price Withheld,is-sold,Sold by private treaty 06 Sep 2019,20190906,41 Fullarton Dr,PAYNESVILLE,VIC,3880,-37.90408,147.715042,NaN,NaN,5.0,VacantLand,Vacant land,False,720.0,m2,False
2014833241,listing,/44-wellington-street-paynesville-vic-3880-2014833241,368000,is-sold,Sold by private treaty 26 Sep 2019,20190926,44 Wellington Street,PAYNESVILLE,VIC,3880,-37.9148636,147.722748,2,2,2,House,House,False,1368.0,m2,False
2015012100,listing,/76-langford-pde-paynesville-vic-3880-2015012100,350000,is-sold,Sold by private treaty 23 Sep 2019,20190923,76 Langford Pde,PAYNESVILLE,VIC,3880,-37.9121056,147.721359,3,3,3,House,House,False,0.0,m2,False
2015119837,listing,/24-19-mitchell-street-paynesville-vic-3880-2015119837,414000,is-sold,Sold by private treaty 01 Oct 2019,20191001,24/19 Mitchell Street,PAYNESVILLE,VIC,3880,-37.9145126,147.72583,3,3,3,House,House,False,146.0,m2,False
2015127331,listing,/18-coast-ave-paynesville-vic-3880-2015127331,Price Withheld,is-sold,Sold by private treaty 09 Sep 2019,20190909,18 Coast Ave,PAYNESVILLE,VIC,3880,-37.9074478,147.70813,4,4,4,House,House,False,0.0,m2,False
2015191528,listing,/97c-langford-pde-paynesville-vic-3880-2015191528,370000,is-sold,Sold by private treaty 02 Oct 2019,20191002,97C Langford Pde,PAYNESVILLE,VIC,3880,-37.9103851,147.721344,3,3,3,House,House,False,0.0,m2,False
2015248366,listing,/5-1-5-main-road-paynesville-vic-3880-2015248366,Price Withheld,is-sold,Sold by private treaty 24 Sep 2019,20190924,5/1-5 Main Road,PAYNESVILLE,VIC,3880,-37.9186325,147.717773,2,2,2,House,House,False,196.0,m2,False
2015400543,listing,/13-rex-street-paynesville-vic-3880-2015400543,358000,is-sold,Sold by private treaty 11 Sep 2019,20190911,13 Rex Street,PAYNESVILLE,VIC,3880,-37.9159,147.713882,3,3,3,House,House,False,0.0,m2,False
2015431380,listing,/21-windermere-terrace-paynesville-vic-3880-2015431380,750000,is-sold,Sold by private treaty 03 Oct 2019,20191003,21 Windermere Terrace,PAYNESVILLE,VIC,3880,-37.90511,147.721756,3,3,3,House,House,False,983.0,m2,False
2015460937,listing,/lot-5-16-magnolia-way-paynesville-vic-3880-2015460937,133000,is-sold,Sold by private treaty 19 Sep 2019,20190919,"Lot 5, 16 Magnolia Way",PAYNESVILLE,VIC,3880,-37.9047,147.713791,NaN,NaN,NaN,VacantLand,Vacant land,False,1180.0,m2,False
2015517626,listing,/unit-1-2-burden-pl-paynesville-vic-3880-2015517626,Price Withheld,is-sold,Sold by private treaty 20 Sep 2019,20190920,Unit 1/2 Burden Pl,PAYNESVILLE,VIC,3880,-37.90679,147.718216,2,2,2,House,House,False,350.0,m2,False
2015522556,listing,/3-callistemon-court-paynesville-vic-3880-2015522556,350000,is-sold,Sold by private treaty 24 Sep 2019,20190924,3 Callistemon Court,PAYNESVILLE,VIC,3880,-37.91315,147.711853,4,4,4,House,House,False,924.0,m2,False
2015539470,listing,/40-vaughan-street-paynesville-vic-3880-2015539470,350000,is-sold,Sold by private treaty 03 Oct 2019,20191003,40 Vaughan Street,PAYNESVILLE,VIC,3880,-37.9089,147.717972,4,4,4,House,House,False,0.0,m2,False
2015663663,listing,/71-eighth-avenue-raymond-island-vic-3880-2015663663,260000,is-sold,Sold by private treaty 13 Sep 2019,20190913,71 Eighth Avenue,RAYMOND ISLAND,VIC,3880,-37.9205246,147.729721,4,4,4,House,House,False,402.0,m2,False
2015712673,listing,/162-newlands-drive-paynesville-vic-3880-2015712673,410000,is-sold,Sold by private treaty 19 Sep 2019,20190919,162 Newlands Drive,PAYNESVILLE,VIC,3880,-37.9150352,147.700439,4,4,4,House,House,False,934.0,m2,False
2017972049,listing,/40-vaughan-street-paynesville-vic-3880-2017972049,350000,is-sold,Sold by private treaty 03 Oct 2019,20191003,40 Vaughan Street,PAYNESVILLE,VIC,3880,-37.9088936,147.718063,4,4,4,House,House,False,0.0,m2,False
2012080780,listing,/1-15-king-street-paynesville-vic-3880-2012080780,900000,is-sold,Sold by private treaty 30 Jul 2019,20190730,1/15 King Street,PAYNESVILLE,VIC,3880,-37.9160576,147.7245,4,4,4,House,House,False,379.0,m2,False
2012488934,listing,/6-caddie-court-paynesville-vic-3880-2012488934,120000,is-sold,Sold by private treaty 29 Aug 2019,20190829,6 Caddie Court,PAYNESVILLE,VIC,3880,-37.90295,147.711685,NaN,NaN,NaN,VacantLand,Vacant land,False,751.0,m2,False
2013965104,listing,/lot-22-18-haylock-drive-paynesville-vic-3880-2013965104,112000,is-sold,Sold by private treaty 05 Aug 2019,20190805,"Lot 22, 18 Haylock Drive",PAYNESVILLE,VIC,3880,-37.91126,147.712326,NaN,NaN,NaN,VacantLand,Vacant land,False,800.0,m2,False
2014449845,listing,/lot-14-haylock-drive-paynesville-vic-3880-2014449845,Price Withheld,is-sold,Sold by private treaty 01 Aug 2019,20190801,Lot 14 Haylock Drive,PAYNESVILLE,VIC,3880,-37.9122,147.710754,NaN,NaN,NaN,VacantLand,Vacant land,False,767.0,m2,False
2014530231,listing,/2-8-reynolds-street-paynesville-vic-3880-2014530231,241000,is-sold,Sold by private treaty 29 Jul 2019,20190729,2/8 Reynolds Street,PAYNESVILLE,VIC,3880,-37.9172935,147.716187,2,2,2,ApartmentUnitFlat,Apartment / Unit / Flat,False,272.0,m2,False
2014622448,listing,/13-haylock-paynesville-vic-3880-2014622448,425000,is-sold,Sold by private treaty 30 Jul 2019,20190730,13 Haylock,PAYNESVILLE,VIC,3880,-37.91149,147.711212,4,4,4,House,House,False,821.0,m2,False
2014821293,listing,/61-king-street-paynesville-vic-3880-2014821293,405000,is-sold,Sold by private treaty 22 Aug 2019,20190822,61 King Street,PAYNESVILLE,VIC,3880,-37.9149742,147.716461,3,3,3,House,House,False,729.0,m2,False
2014924156,listing,/78-eighth-ave-raymond-island-vic-3880-2014924156,300000,is-sold,Sold by private treaty 30 Jul 2019,20190730,78 Eighth Ave,RAYMOND ISLAND,VIC,3880,-37.9202,147.729492,2,2,2,House,House,False,0.0,m2,False
2014934943,listing,/15-smallman-court-paynesville-vic-3880-2014934943,370000,is-sold,Sold by private treaty 29 Jul 2019,20190729,15 Smallman Court,PAYNESVILLE,VIC,3880,-37.9088554,147.707245,4,4,4,House,House,False,510.0,m2,False
2015045744,listing,/3-haylock-drive-paynesville-vic-3880-2015045744,110000,is-sold,Sold by private treaty 20 Aug 2019,20190820,3 Haylock Drive,PAYNESVILLE,VIC,3880,-37.91061,147.711411,NaN,NaN,NaN,VacantLand,Vacant land,False,767.0,m2,False
2015154036,listing,/unit-2-9-11-wellington-street-paynesville-vic-3880-2015154036,Price Withheld,is-sold,Sold by private treaty 19 Aug 2019,20190819,Unit 2/9-11 Wellington Street,PAYNESVILLE,VIC,3880,-37.91761,147.720978,2,2,2,ApartmentUnitFlat,Apartment / Unit / Flat,False,195.0,m2,False
2015172746,listing,/72-eighth-avenue-raymond-island-vic-3880-2015172746,500000,is-sold,Sold by private treaty 13 Aug 2019,20190813,72 Eighth Avenue,RAYMOND ISLAND,VIC,3880,-37.9204369,147.728836,1,1,1,House,House,False,934.0,m2,False
2015244458,listing,/89-slip-road-paynesville-vic-3880-2015244458,490000,is-sold,Sold by private treaty 14 Aug 2019,20190814,89 Slip Road,PAYNESVILLE,VIC,3880,-37.91071,147.726242,3,3,3,House,House,False,702.0,m2,False
2015311316,listing,/64-langford-parade-paynesville-vic-3880-2015311316,199000,is-sold,Sold by private treaty 08 Aug 2019,20190808,64 Langford Parade,PAYNESVILLE,VIC,3880,-37.9129677,147.721161,3,3,3,House,House,False,518.0,m2,False
2015429087,listing,/135b-newlands-drive-paynesville-vic-3880-2015429087,975000,is-sold,Sold by private treaty 30 Jul 2019,20190730,135B Newlands Drive,PAYNESVILLE,VIC,3880,-37.91568,147.7024,4,4,4,House,House,False,3328.0,m2,False
2015460406,listing,/32-ashley-street-paynesville-vic-3880-2015460406,255000,is-sold,Sold by private treaty 08 Aug 2019,20190808,32 Ashley Street,PAYNESVILLE,VIC,3880,-37.9115639,147.716217,3,3,3,House,House,False,592.0,m2,False
2015477962,listing,/29-fort-king-road-paynesville-vic-3880-2015477962,399000,is-sold,Sold by private treaty 03 Aug 2019,20190803,29 Fort King Road,PAYNESVILLE,VIC,3880,-37.906044,147.723312,3,3,3,House,House,False,798.0,m2,False
2015494775,listing,/20-waratah-ave-paynesville-vic-3880-2015494775,285000,is-sold,Sold by private treaty 13 Aug 2019,20190813,20 Waratah Ave,PAYNESVILLE,VIC,3880,-37.9121132,147.713089,3,3,3,House,House,False,743.0,m2,False
2015499522,listing,/2-91-main-road-paynesville-vic-3880-2015499522,371000,is-sold,Sold by private treaty 08 Aug 2019,20190808,2/91 Main Road,PAYNESVILLE,VIC,3880,-37.9102364,147.719879,3,3,3,ApartmentUnitFlat,Apartment / Unit / Flat,False,0.0,m2,False
2015535480,listing,/25-magnetic-retreat-paynesville-vic-3880-2015535480,122500,is-sold,Sold by private treaty 13 Aug 2019,20190813,25 Magnetic Retreat,PAYNESVILLE,VIC,3880,-37.9045525,147.723587,NaN,NaN,NaN,VacantLand,Vacant land,False,527.0,m2,False
2014117712,listing,/2-7-windjammer-court-paynesville-vic-3880-2014117712,565000,is-sold,Sold by private treaty 24 Jul 2019,20190724,2/7 Windjammer Court,PAYNESVILLE,VIC,3880,-37.91043,147.725479,3,3,3,House,House,False,241.0,m2,False
2014161470,listing,/97b-langford-parade-paynesville-vic-3880-2014161470,358500,is-sold,Sold by private treaty 23 Jul 2019,20190723,97B Langford Parade,PAYNESVILLE,VIC,3880,-37.9103851,147.721344,3,3,3,Townhouse,Townhouse,False,0.0,m2,False
2014460009,listing,/unit-43-5-canal-rd-paynesville-vic-3880-2014460009,275000,is-sold,Sold by private treaty 10 Jul 2019,20190710,Unit 43/5 Canal Rd,PAYNESVILLE,VIC,3880,-37.9068031,147.722488,2,2,2,Villa,Villa,False,20.0,m2,False
2014623903,listing,/3-36-38-main-road-paynesville-vic-3880-2014623903,214000,is-sold,Sold by private treaty 10 Jul 2019,20190710,3/36-38 Main Road,PAYNESVILLE,VIC,3880,-37.91591,147.719421,2,2,2,ApartmentUnitFlat,Apartment / Unit / Flat,False,209.0,m2,False
2014679172,listing,/3-woodland-court-paynesville-vic-3880-2014679172,308000,is-sold,Sold by private treaty 25 Jul 2019,20190725,3 Woodland Court,PAYNESVILLE,VIC,3880,-37.91565,147.7053,3,3,3,House,House,False,787.0,m2,False
2014794695,listing,/3-windjammer-court-paynesville-vic-3880-2014794695,1000000,is-sold,Sold by private treaty 27 Jul 2019,20190727,3 Windjammer Court,PAYNESVILLE,VIC,3880,-37.9108467,147.725616,3,3,3,House,House,False,1249.0,m2,False
2014953001,listing,/33-magnetic-retreat-paynesville-vic-3880-2014953001,125000,is-sold,Sold by private treaty 26 Jul 2019,20190726,33 Magnetic Retreat,PAYNESVILLE,VIC,3880,-37.9045677,147.72287,NaN,NaN,NaN,VacantLand,Vacant land,False,482.0,m2,False
2014955459,listing,/10-backwater-court-paynesville-vic-3880-2014955459,Price Withheld,is-sold,Sold by private treaty 19 Jul 2019,20190719,10 Backwater Court,PAYNESVILLE,VIC,3880,-37.9157677,147.6952,NaN,NaN,NaN,VacantLand,Vacant land,False,604.0,m2,False
2014955557,listing,/6-8-backwater-court-paynesville-vic-3880-2014955557,Price Withheld,is-sold,Sold by private treaty 19 Jul 2019,20190719,6-8 Backwater Court,PAYNESVILLE,VIC,3880,-37.9157677,147.6952,3,3,3,House,House,False,1208.0,m2,False
2015032620,listing,/19b-haylock-drive-paynesville-vic-3880-2015032620,339000,is-sold,Sold by private treaty 08 Jul 2019,20190708,19B Haylock Drive,PAYNESVILLE,VIC,3880,-37.91126,147.712326,3,3,3,NewHouseLand,New House & Land,False,456.0,m2,False
2015178661,listing,/14-cumming-street-paynesville-vic-3880-2015178661,300000,is-sold,Sold by private treaty 11 Jul 2019,20190711,14 Cumming Street,PAYNESVILLE,VIC,3880,-37.91093,147.718842,3,3,3,House,House,False,1009.0,m2,False
2015320525,listing,/11-waratah-ave-paynesville-vic-3880-2015320525,335000,is-sold,Sold by private treaty 14 Jul 2019,20190714,11 Waratah Ave,PAYNESVILLE,VIC,3880,-37.9126358,147.712463,3,3,3,House,House,False,0.0,m2,False
2015355810,listing,/14-cumming-street-paynesville-vic-3880-2015355810,300000,is-sold,Sold by private treaty 11 Jul 2019,20190711,14 Cumming Street,PAYNESVILLE,VIC,3880,-37.91093,147.718842,3,3,3,House,House,False,1009.0,m2,False
2015359922,listing,/43-fullarton-dr-paynesville-vic-3880-2015359922,440000,is-sold,Sold by private treaty 11 Jul 2019,20190711,43 Fullarton Dr,PAYNESVILLE,VIC,3880,-37.90388,147.714844,3,3,3,House,House,False,0.0,m2,False
2015407233,listing,/35-william-st-paynesville-vic-3880-2015407233,250000,is-sold,Sold by private treaty 23 Jul 2019,20190723,35 William St,PAYNESVILLE,VIC,3880,-37.91018,147.716339,2,2,2,House,House,False,875.0,m2,False
2015438352,listing,/2-mcmillan-grove-paynesville-vic-3880-2015438352,320000,is-sold,Sold by private treaty 23 Jul 2019,20190723,2 McMillan Grove,PAYNESVILLE,VIC,3880,-37.904377,147.727921,3,3,3,House,House,False,678.0,m2,False
2015439943,listing,/lot-4-magnolia-way-paynesville-vic-3880-2015439943,Price Withheld,is-sold,Sold by private treaty 16 Jul 2019,20190716,Lot 4 Magnolia Way,PAYNESVILLE,VIC,3880,-37.9047,147.713791,NaN,NaN,NaN,VacantLand,Vacant land,False,1055.0,m2,False
2015449780,listing,/4-the-crescent-paynesville-vic-3880-2015449780,382000,is-sold,Sold by private treaty 10 Jul 2019,20190710,4 The Crescent,PAYNESVILLE,VIC,3880,-37.9018478,147.712143,3,3,3,House,House,False,515.0,m2,False
2017972034,listing,/14-cumming-street-paynesville-vic-3880-2017972034,300000,is-sold,Sold by private treaty 11 Jul 2019,20190711,14 Cumming Street,PAYNESVILLE,VIC,3880,-37.91095,147.718948,3,3,3,House,House,False,1009.0,m2,False
2017973255,listing,/14-cumming-street-paynesville-vic-3880-2017973255,300000,is-sold,Sold by private treaty 11 Jul 2019,20190711,14 Cumming Street,PAYNESVILLE,VIC,3880,-37.91095,147.718948,3,3,3,House,House,False,1009.0,m2,False
2013909979,listing,/1-10-victoria-paynesville-vic-3880-2013909979,395000,is-sold,Sold by private treaty 01 Jul 2019,20190701,1/10 Victoria,PAYNESVILLE,VIC,3880,-37.9171333,147.725082,NaN,NaN,NaN,VacantLand,Vacant land,False,290.0,m2,False
2014004165,listing,/66-langford-pde-paynesville-vic-3880-2014004165,285000,is-sold,Sold by private treaty 13 Jun 2019,20190613,66 Langford Pde,PAYNESVILLE,VIC,3880,-37.91281,147.721191,3,3,3,House,House,False,0.0,m2,False
2014627366,listing,/lot-3-magnolia-way-paynesville-vic-3880-2014627366,Price Withheld,is-sold,Sold by private treaty 27 Jun 2019,20190627,Lot 3 Magnolia Way,PAYNESVILLE,VIC,3880,-37.9047,147.713791,NaN,NaN,NaN,VacantLand,Vacant land,False,1122.0,m2,False
2014627385,listing,/lot-7-magnolia-way-paynesville-vic-3880-2014627385,Price Withheld,is-sold,Sold by private treaty 27 Jun 2019,20190627,Lot 7 Magnolia Way,PAYNESVILLE,VIC,3880,-37.9047,147.713791,NaN,NaN,NaN,VacantLand,Vacant land,False,905.0,m2,False
2014695786,listing,/475-centre-road-raymond-island-vic-3880-2014695786,870000,is-sold,Sold by private treaty 08 Jul 2019,20190708,475 Centre Road,RAYMOND ISLAND,VIC,3880,-37.8984375,147.773743,3,3,3,House,House,True,1.11,ha,False
2014772430,listing,/5-magnolia-way-paynesville-vic-3880-2014772430,Price Withheld,is-sold,Sold by private treaty 19 Jun 2019,20190619,5 Magnolia Way,PAYNESVILLE,VIC,3880,-37.9048157,147.71344,3,3,3,House,House,False,1193.0,m2,False
2014880832,listing,/6-waterloo-court-paynesville-vic-3880-2014880832,670000,is-sold,Sold by private treaty 22 Jun 2019,20190622,6 Waterloo Court,PAYNESVILLE,VIC,3880,-37.9137459,147.723923,3,3,3,House,House,False,649.0,m2,False
2014904716,listing,/96-langford-parade-paynesville-vic-3880-2014904716,Price Withheld,is-sold,Sold by private treaty 11 Jun 2019,20190611,96 Langford Parade,PAYNESVILLE,VIC,3880,-37.9104958,147.721725,3,3,3,House,House,False,541.0,m2,False
2014991669,listing,/2-jim-way-paynesville-vic-3880-2014991669,260000,is-sold,Sold by private treaty 06 Jun 2019,20190606,2 Jim Way,PAYNESVILLE,VIC,3880,-37.90656,147.707977,4,4,4,House,House,False,500.0,m2,False
2015155952,listing,/48-tenth-ave-raymond-island-vic-3880-2015155952,270000,is-sold,Sold by private treaty 17 Jun 2019,20190617,48 Tenth Ave,RAYMOND ISLAND,VIC,3880,-37.9221344,147.729675,3,3,3,House,House,False,0.0,m2,False
2015178358,listing,/5-driftwood-close-paynesville-vic-3880-2015178358,425000,is-sold,Sold by private treaty 24 Jun 2019,20190624,5 Driftwood Close,PAYNESVILLE,VIC,3880,-37.9029579,147.7264,NaN,NaN,NaN,VacantLand,Vacant land,False,849.0,m2,False
2015214816,listing,/35-coast-avenue-paynesville-vic-3880-2015214816,319000,is-sold,Sold by private treaty 30 Jun 2019,20190630,35 Coast Avenue,PAYNESVILLE,VIC,3880,-37.9088631,147.708969,4,4,4,House,House,False,658.0,m2,False
2015311649,listing,/12-lotus-place-paynesville-vic-3880-2015311649,145000,is-sold,Sold by private treaty 20 Jun 2019,20190620,12 Lotus Place,PAYNESVILLE,VIC,3880,-37.90602,147.712982,NaN,NaN,NaN,VacantLand,Vacant land,False,804.0,m2,False
2015318564,listing,/113-main-road-paynesville-vic-3880-2015318564,190000,is-sold,Sold by private treaty 19 Jun 2019,20190619,113 Main Road,PAYNESVILLE,VIC,3880,-37.908226,147.720444,3,3,3,House,House,False,1012.0,m2,False
2015334882,listing,/15-magnolia-way-paynesville-vic-3880-2015334882,Price Withheld,is-sold,Sold by private treaty 27 Jun 2019,20190627,15 Magnolia Way,PAYNESVILLE,VIC,3880,-37.90447,147.713165,NaN,NaN,NaN,VacantLand,Vacant land,False,903.0,m2,False
2015335047,listing,/22-wisteria-place-paynesville-vic-3880-2015335047,Price Withheld,is-sold,Sold by private treaty 27 Jun 2019,20190627,22 Wisteria Place,PAYNESVILLE,VIC,3880,-37.90447,147.712875,NaN,NaN,NaN,VacantLand,Vacant land,False,951.0,m2,False
2015335199,listing,/8-magnolia-way-paynesville-vic-3880-2015335199,Price Withheld,is-sold,Sold by private treaty 27 Jun 2019,20190627,8 Magnolia Way,PAYNESVILLE,VIC,3880,-37.90436,147.713654,NaN,NaN,NaN,VacantLand,Vacant land,False,1183.0,m2,False
2015383652,listing,/16-government-road-paynesville-vic-3880-2015383652,381000,is-sold,Sold by private treaty 14 Jun 2019,20190614,16 Government Road,PAYNESVILLE,VIC,3880,-37.9032974,147.727341,2,2,2,House,House,False,941.0,m2,False
2015383680,listing,/87-langford-parade-paynesville-vic-3880-2015383680,250000,is-sold,Sold by private treaty 30 Jun 2019,20190630,87 Langford Parade,PAYNESVILLE,VIC,3880,-37.9114456,147.7211,2,2,2,House,House,False,1012.0,m2,False
2015383962,listing,/23-mcmillan-grove-paynesville-vic-3880-2015383962,462000,is-sold,Sold by private treaty 27 Jun 2019,20190627,23 McMillan Grove,PAYNESVILLE,VIC,3880,-37.90367,147.729218,3,3,3,House,House,False,597.0,m2,False
2013451488,listing,/50-fullarton-drive-paynesville-vic-3880-2013451488,410000,is-sold,Sold by private treaty 22 May 2019,20190522,50 Fullarton Drive,PAYNESVILLE,VIC,3880,-37.90288,147.714554,3,3,3,House,House,False,852.0,m2,False
2013862416,listing,/9-bishop-view-paynesville-vic-3880-2013862416,137500,is-sold,Sold by private treaty 27 Apr 2019,20190427,9 Bishop View,PAYNESVILLE,VIC,3880,-37.91179,147.710083,NaN,NaN,NaN,VacantLand,Vacant land,False,929.0,m2,False
2013940303,listing,/7-windermere-terrace-paynesville-vic-3880-2013940303,200000,is-sold,Sold by private treaty 26 Apr 2019,20190426,7 Windermere Terrace,PAYNESVILLE,VIC,3880,-37.90484,147.7202,NaN,NaN,NaN,VacantLand,Vacant land,False,914.0,m2,False
2014164767,listing,/10-ahyee-paynesville-vic-3880-2014164767,Price Withheld,is-sold,Sold by private treaty 28 May 2019,20190528,10 AhYee,PAYNESVILLE,VIC,3880,-37.9062958,147.709656,4,4,4,House,House,False,0.0,m2,False
2014324425,listing,/39-william-street-paynesville-vic-3880-2014324425,675000,is-sold,Sold by private treaty 27 May 2019,20190527,39 William Street,PAYNESVILLE,VIC,3880,-37.9102325,147.716125,4,4,4,House,House,False,2309.0,m2,False
2014678553,listing,/21-fort-king-road-paynesville-vic-3880-2014678553,450000,is-sold,Sold by private treaty 15 May 2019,20190515,21 Fort King Road,PAYNESVILLE,VIC,3880,-37.9061,147.7226,4,4,4,House,House,False,786.0,m2,False
2014705130,listing,/18-sixth-avenue-raymond-island-vic-3880-2014705130,178300,is-sold,Sold by private treaty 27 May 2019,20190527,18 Sixth Avenue,RAYMOND ISLAND,VIC,3880,-37.9250221,147.726151,NaN,NaN,NaN,VacantLand,Vacant land,False,1012.0,m2,False
2014825929,listing,/75-slip-rd-paynesville-vic-3880-2014825929,Price Withheld,is-sold,Sold by private treaty 30 Apr 2019,20190430,75 Slip Rd,PAYNESVILLE,VIC,3880,-37.9116631,147.726624,2,2,2,House,House,False,0.0,m2,False
2014850126,listing,/15-the-inlet-paynesville-vic-3880-2014850126,405000,is-sold,Sold by private treaty 04 Jun 2019,20190604,15 The Inlet,PAYNESVILLE,VIC,3880,-37.9044533,147.72113,NaN,NaN,NaN,VacantLand,Vacant land,False,666.0,m2,False
2014949523,listing,/31b-langford-parade-paynesville-vic-3880-2014949523,131000,is-sold,Sold by private treaty 03 May 2019,20190503,31B Langford Parade,PAYNESVILLE,VIC,3880,-37.9163361,147.719955,NaN,NaN,NaN,VacantLand,Vacant land,False,651.0,m2,False
2014979206,listing,/2-vaughan-street-paynesville-vic-3880-2014979206,175000,is-sold,Sold by private treaty 23 May 2019,20190523,2 Vaughan Street,PAYNESVILLE,VIC,3880,-37.9118042,147.7173,2,2,2,House,House,False,771.0,m2,False
2015012753,listing,/54-eighth-ave-raymond-island-vic-3880-2015012753,295000,is-sold,Sold by private treaty 06 May 2019,20190506,54 Eighth Ave,RAYMOND ISLAND,VIC,3880,-37.9213562,147.727509,3,3,3,House,House,False,1000.0,m2,False
2015123821,listing,/11-smallman-ct-paynesville-vic-3880-2015123821,305000,is-sold,Sold by private treaty 16 May 2019,20190516,11 Smallman Ct,PAYNESVILLE,VIC,3880,-37.908905,147.707581,3,3,3,House,House,False,0.0,m2,False
2015154223,listing,/46-langford-pde-paynesville-vic-3880-2015154223,190000,is-sold,Sold by private treaty 07 May 2019,20190507,46 Langford Pde,PAYNESVILLE,VIC,3880,-37.9142456,147.720856,3,3,3,House,House,False,0.0,m2,False
2015165498,listing,/36-twelfth-avenue-raymond-island-vic-3880-2015165498,195000,is-sold,Sold by private treaty 18 Apr 2019,20190418,36 Twelfth Avenue,RAYMOND ISLAND,VIC,3880,-37.9236,147.730927,1,1,1,House,House,False,913.0,m2,False
2015166616,listing,/19-riviera-close-paynesville-vic-3880-2015166616,470000,is-sold,Sold by private treaty 17 May 2019,20190517,19 Riviera Close,PAYNESVILLE,VIC,3880,-37.9087753,147.713,4,4,4,House,House,False,1079.0,m2,False
2015216663,listing,/31-reynolds-street-paynesville-vic-3880-2015216663,270000,is-sold,Sold by private treaty 21 May 2019,20190521,31 Reynolds Street,PAYNESVILLE,VIC,3880,-37.9153061,147.715927,2,2,2,House,House,False,1032.0,m2,False
2015221891,listing,/43-coast-avenue-paynesville-vic-3880-2015221891,317500,is-sold,Sold by private treaty 14 May 2019,20190514,43 Coast Avenue,PAYNESVILLE,VIC,3880,-37.9095154,147.709213,3,3,3,House,House,False,716.0,m2,False
2015248418,listing,/lot-15-31-haylock-drive-paynesville-vic-3880-2015248418,131500,is-sold,Sold by private treaty 08 May 2019,20190508,"Lot 15, 31 Haylock Drive",PAYNESVILLE,VIC,3880,-37.91342,147.710785,NaN,NaN,NaN,VacantLand,Vacant land,False,840.0,m2,False
2017972007,listing,/43-coast-avenue-paynesville-vic-3880-2017972007,317500,is-sold,Sold by private treaty 14 May 2019,20190514,43 Coast Avenue,PAYNESVILLE,VIC,3880,-37.9095154,147.709213,3,3,3,House,House,False,716.0,m2,False
2013842292,listing,/lot-12-caddie-court-paynesville-vic-3880-2013842292,Price Withheld,is-sold,Sold by private treaty 21 Mar 2019,20190321,Lot 12 Caddie Court,PAYNESVILLE,VIC,3880,-37.91126,147.712326,NaN,NaN,NaN,VacantLand,Vacant land,False,649.0,m2,False
2014622668,listing,/7-magnolia-way-paynesville-vic-3880-2014622668,510000,is-sold,Sold by private treaty 01 Mar 2019,20190301,7 Magnolia Way,PAYNESVILLE,VIC,3880,-37.9047356,147.713211,4,4,4,House,House,False,965.0,m2,False
2014670824,listing,/2-7-king-street-paynesville-vic-3880-2014670824,700000,is-sold,Sold by private treaty 03 Mar 2019,20190303,2 / 7 King Street,PAYNESVILLE,VIC,3880,-37.916378,147.72554,3,3,3,Townhouse,Townhouse,False,0.0,m2,False
2014709282,listing,/67b-newlands-drive-paynesville-vic-3880-2014709282,Price Withheld,is-sold,Sold by private treaty 12 Mar 2019,20190312,67B Newlands Drive,PAYNESVILLE,VIC,3880,-37.91747,147.709732,3,3,3,House,House,False,707.0,m2,False
2014709560,listing,/4-62-main-road-paynesville-vic-3880-2014709560,245000,is-sold,Sold by private treaty 14 Mar 2019,20190314,4/62 Main Road,PAYNESVILLE,VIC,3880,-37.913765,147.7201,5,5,5,ApartmentUnitFlat,Apartment / Unit / Flat,False,441.0,m2,False
2014711909,listing,/1-2-3-4-54-main-road-paynesville-vic-3880-2014711909,Price Withheld,is-sold,Sold by private treaty 17 Apr 2019,20190417,"1, 2, 3 & 4/54 Main Road",PAYNESVILLE,VIC,3880,-37.91466,147.719543,11,11,11,ApartmentUnitFlat,Apartment / Unit / Flat,False,0.0,m2,False
2014733596,listing,/6-currawong-cl-raymond-island-vic-3880-2014733596,395000,is-sold,Sold by private treaty 26 Mar 2019,20190326,6 Currawong Cl,RAYMOND ISLAND,VIC,3880,-37.91628,147.732346,4,4,4,House,House,False,531.0,m2,False
2014753759,listing,/34-wellington-st-paynesville-vic-3880-2014753759,230000,is-sold,Sold by private treaty 30 Mar 2019,20190330,34 Wellington St,PAYNESVILLE,VIC,3880,-37.91597,147.722488,3,3,3,House,House,False,1044.0,m2,False
2014827002,listing,/117-langford-parade-paynesville-vic-3880-2014827002,330000,is-sold,Sold by private treaty 28 Mar 2019,20190328,117 Langford Parade,PAYNESVILLE,VIC,3880,-37.9086075,147.721756,3,3,3,House,House,False,955.0,m2,False
2014827268,listing,/20-schooner-terrace-paynesville-vic-3880-2014827268,390000,is-sold,Sold by private treaty 28 Mar 2019,20190328,20 Schooner Terrace,PAYNESVILLE,VIC,3880,-37.909523,147.722672,3,3,3,House,House,False,812.0,m2,False
2014840311,listing,/21-cumming-street-paynesville-vic-3880-2014840311,275000,is-sold,Sold by private treaty 05 Mar 2019,20190305,21 Cumming Street,PAYNESVILLE,VIC,3880,-37.9105072,147.718521,3,3,3,House,House,False,533.0,m2,False
2014942890,listing,/42-cumming-street-paynesville-vic-3880-2014942890,Price Withheld,is-sold,Sold by private treaty 04 Mar 2019,20190304,42 Cumming Street,PAYNESVILLE,VIC,3880,-37.908226,147.719467,3,3,3,House,House,False,0.0,m2,False
2014945913,listing,/42-1-5-canal-road-paynesville-vic-3880-2014945913,260000,is-sold,Sold by private treaty 15 Mar 2019,20190315,42/1-5 Canal Road,PAYNESVILLE,VIC,3880,-37.9074936,147.721832,2,2,2,Villa,Villa,False,0.0,m2,False
2014988912,listing,/42-langford-parade-paynesville-vic-3880-2014988912,420000,is-sold,Sold by private treaty 07 Mar 2019,20190307,42 Langford Parade,PAYNESVILLE,VIC,3880,-37.9145241,147.7208,3,3,3,House,House,False,856.0,m2,False
2014995889,listing,/39-toonalook-parade-paynesville-vic-3880-2014995889,310000,is-sold,Sold by private treaty 24 Mar 2019,20190324,39 Toonalook Parade,PAYNESVILLE,VIC,3880,-37.9154739,147.717484,3,3,3,House,House,False,368.0,m2,False
2015000731,listing,/39-main-road-paynesville-vic-3880-2015000731,300000,is-sold,Sold by private treaty 22 Mar 2019,20190322,39 Main Road,PAYNESVILLE,VIC,3880,-37.91576,147.7187,2,2,2,House,House,False,985.0,m2,False
2015026106,listing,/1-callistemon-court-paynesville-vic-3880-2015026106,340000,is-sold,Sold by private treaty 12 Mar 2019,20190312,1 Callistemon Court,PAYNESVILLE,VIC,3880,-37.91307,147.712128,3,3,3,House,House,False,804.0,m2,False
2015043243,listing,/23-magnetic-retreat-paynesville-vic-3880-2015043243,122500,is-sold,Sold by private treaty 25 Mar 2019,20190325,23 Magnetic Retreat,PAYNESVILLE,VIC,3880,-37.90457,147.7238,NaN,NaN,NaN,VacantLand,Vacant land,False,582.0,m2,False
2017973234,listing,/42-cumming-street-paynesville-vic-3880-2017973234,Price Withheld,is-sold,Sold by private treaty 04 Mar 2019,20190304,42 Cumming Street,PAYNESVILLE,VIC,3880,-37.908226,147.719666,3,3,3,House,House,False,0.0,m2,False
2017973239,listing,/39-main-road-paynesville-vic-3880-2017973239,300000,is-sold,Sold by private treaty 22 Mar 2019,20190322,39 Main Road,PAYNESVILLE,VIC,3880,-37.9157753,147.718689,2,2,2,House,House,False,985.0,m2,False
2012080771,listing,/1-toonalook-parade-paynesville-vic-3880-2012080771,315000,is-sold,Sold by private treaty 16 Feb 2019,20190216,1 Toonalook Parade,PAYNESVILLE,VIC,3880,-37.9180641,147.717346,4,4,4,House,House,False,1000.0,m2,False
2013265853,listing,/37-driftwood-close-paynesville-vic-3880-2013265853,857000,is-sold,Sold by private treaty 08 Feb 2019,20190208,37 Driftwood Close,PAYNESVILLE,VIC,3880,-37.9032745,147.723831,3,3,3,House,House,False,0.0,m2,False
2014428468,listing,/7b-wellington-street-paynesville-vic-3880-2014428468,85000,is-sold,Sold by private treaty 18 Feb 2019,20190218,7b Wellington Street,PAYNESVILLE,VIC,3880,-37.91805,147.721573,NaN,NaN,NaN,VacantLand,Vacant land,False,479.0,m2,False
2014467458,listing,/24-first-parade-raymond-island-vic-3880-2014467458,330000,is-sold,Sold by private treaty 06 Feb 2019,20190206,24 First Parade,RAYMOND ISLAND,VIC,3880,-37.92575,147.727188,3,3,3,House,House,False,810.0,m2,False
2014650861,listing,/122-newlands-dr-paynesville-vic-3880-2014650861,Price Withheld,is-sold,Sold by private treaty 19 Jan 2019,20190119,122 Newlands Dr,PAYNESVILLE,VIC,3880,-37.9160042,147.705612,4,4,4,House,House,False,0.0,m2,False
2014705738,listing,/39-gilsenan-st-paynesville-vic-3880-2014705738,Price Withheld,is-sold,Sold by private treaty 15 Feb 2019,20190215,39 Gilsenan St,PAYNESVILLE,VIC,3880,-37.9178238,147.710815,3,3,3,House,House,False,662.0,m2,False
2014711791,listing,/52-langford-parade-paynesville-vic-3880-2014711791,217500,is-sold,Sold by private treaty 19 Feb 2019,20190219,52 Langford Parade,PAYNESVILLE,VIC,3880,-37.91382,147.720963,2,2,2,House,House,False,541.0,m2,False
2014735569,listing,/57-langford-parade-paynesville-vic-3880-2014735569,116500,is-sold,Sold by private treaty 09 Feb 2019,20190209,57 Langford Parade,PAYNESVILLE,VIC,3880,-37.9140663,147.720474,NaN,NaN,NaN,VacantLand,Vacant land,False,600.0,m2,False
2014813812,listing,/37-first-parade-raymond-island-vic-3880-2014813812,303500,is-sold,Sold by private treaty 29 Jan 2019,20190129,37 First Parade,RAYMOND ISLAND,VIC,3880,-37.9260063,147.726654,2,2,2,House,House,False,817.0,m2,False
2014847711,listing,/2-backwater-court-paynesville-vic-3880-2014847711,840000,is-sold,Sold at auction 04 Feb 2019,20190204,2 Backwater Court,PAYNESVILLE,VIC,3880,-37.91562,147.69371,3,3,3,House,House,False,6879.0,m2,False
2014851542,listing,/55-vaughan-street-paynesville-vic-3880-2014851542,245000,is-sold,Sold by private treaty 22 Feb 2019,20190222,55 Vaughan Street,PAYNESVILLE,VIC,3880,-37.90765,147.717834,2,2,2,House,House,False,575.0,m2,False
2014855371,listing,/65a-western-boulevard-raymond-island-vic-3880-2014855371,500000,is-sold,Sold by private treaty 30 Jan 2019,20190130,65A Western Boulevard,RAYMOND ISLAND,VIC,3880,-37.9154549,147.731674,3,3,3,House,House,False,1008.0,m2,False
2014867898,listing,/37-mcmillan-gr-paynesville-vic-3880-2014867898,265000,is-sold,Sold by private treaty 12 Feb 2019,20190212,37 Mcmillan Gr,PAYNESVILLE,VIC,3880,-37.90456,147.729889,2,2,2,House,House,False,0.0,m2,False
2014875538,listing,/31-first-parade-raymond-island-vic-3880-2014875538,490000,is-sold,Sold by private treaty 30 Jan 2019,20190130,31 First Parade,RAYMOND ISLAND,VIC,3880,-37.9258728,147.725739,3,3,3,House,House,False,1756.0,m2,False
2014883698,listing,/1-119-langford-parade-paynesville-vic-3880-2014883698,315000,is-sold,Sold by private treaty 21 Feb 2019,20190221,1/119 Langford Parade,PAYNESVILLE,VIC,3880,-37.90848,147.721786,3,3,3,ApartmentUnitFlat,Apartment / Unit / Flat,False,296.0,m2,False
2014888910,listing,/paynesville-vic-3880-2014888910,360000,is-sold,Sold by private treaty 26 Feb 2019,20190226,NaN,PAYNESVILLE,VIC,3880,-37.91126,147.712326,3,3,3,House,House,False,704.0,m2,False
2014952704,listing,/1-30-toonalook-parade-paynesville-vic-3880-2014952704,300000,is-sold,Sold by private treaty 21 Feb 2019,20190221,1/30 Toonalook Parade,PAYNESVILLE,VIC,3880,-37.9157143,147.71785,2,2,2,ApartmentUnitFlat,Apartment / Unit / Flat,False,387.0,m2,False
2014962296,listing,/53-wellington-street-paynesville-vic-3880-2014962296,253000,is-sold,Sold by private treaty 19 Feb 2019,20190219,53 Wellington Street,PAYNESVILLE,VIC,3880,-37.9131737,147.722931,2,2,2,House,House,False,784.0,m2,False
2016464652,listing,/23-smallman-court-paynesville-vic-3880-2016464652,345000,is-sold,Sold by private treaty 27 Feb 2019,20190227,23 Smallman Court,PAYNESVILLE,VIC,3880,-37.90865,147.7068,3,3,3,House,House,False,613.0,m2,False
2017973177,listing,/31-first-parade-raymond-island-vic-3880-2017973177,490000,is-sold,Sold by private treaty 30 Jan 2019,20190130,31 First Parade,RAYMOND ISLAND,VIC,3880,-37.9261742,147.725677,3,3,3,House,House,False,1756.0,m2,False
2013962685,listing,/9-sheerwater-terrace-paynesville-vic-3880-2013962685,696000,is-sold,Sold by private treaty 21 Dec 2018,20181221,9 Sheerwater Terrace,PAYNESVILLE,VIC,3880,-37.912,147.722168,3,3,3,House,House,False,967.0,m2,False
2013965267,listing,/15-9-11-wellington-street-paynesville-vic-3880-2013965267,Price Withheld,is-sold,Sold by private treaty 11 Dec 2018,20181211,15/9-11 Wellington Street,PAYNESVILLE,VIC,3880,-37.91781,147.720825,2,2,2,Townhouse,Townhouse,False,0.0,m2,False
2013965388,listing,/lot-24-1-bishop-view-paynesville-vic-3880-2013965388,Price Withheld,is-sold,Sold by private treaty 14 Jan 2019,20190114,Lot 24 1 Bishop View,PAYNESVILLE,VIC,3880,-37.91158,147.710556,NaN,NaN,NaN,VacantLand,Vacant land,False,796.0,m2,False
2014122808,listing,/23-lisa-court-raymond-island-vic-3880-2014122808,168250,is-sold,Sold by private treaty 18 Jan 2019,20190118,23 Lisa Court,RAYMOND ISLAND,VIC,3880,-37.9172745,147.733521,NaN,NaN,NaN,VacantLand,Vacant land,False,840.0,m2,False
2014269782,listing,/3-103-main-road-paynesville-vic-3880-2014269782,195000,is-sold,Sold by private treaty 21 Dec 2018,20181221,3/103 Main Road,PAYNESVILLE,VIC,3880,-37.90912,147.720276,2,2,2,ApartmentUnitFlat,Apartment / Unit / Flat,False,0.0,m2,False
2014380169,listing,/8-infinity-court-paynesville-vic-3880-2014380169,790000,is-sold,Sold by private treaty 15 Dec 2018,20181215,8 Infinity Court,PAYNESVILLE,VIC,3880,-37.9049721,147.72316,4,4,4,House,House,False,611.0,m2,False
2014508795,listing,/26-eagle-bay-terrace-eagle-bay-village-paynesville-vic-3880-2014508795,Price Withheld,is-sold,Sold by private treaty 15 Jan 2019,20190115,"26 Eagle Bay Terrace, Eagle Bay Village",PAYNESVILLE,VIC,3880,-37.9005661,147.712234,4,4,4,House,House,False,955.0,m2,False
2014541055,listing,/27-sixth-avenue-raymond-island-vic-3880-2014541055,Price Withheld,is-sold,Sold by private treaty 07 Dec 2018,20181207,27 Sixth Avenue,RAYMOND ISLAND,VIC,3880,-37.9237556,147.726929,3,3,3,House,House,False,806.0,m2,False
2014567331,listing,/8-riviera-close-paynesville-vic-3880-2014567331,530000,is-sold,Sold by private treaty 17 Dec 2018,20181217,8 Riviera Close,PAYNESVILLE,VIC,3880,-37.90963,147.712845,4,4,4,House,House,False,948.0,m2,False
2014633710,listing,/8-jim-way-paynesville-vic-3880-2014633710,295000,is-sold,Sold by private treaty 02 Jan 2019,20190102,8 Jim Way,PAYNESVILLE,VIC,3880,-37.9064865,147.707443,3,3,3,House,House,False,0.0,m2,False
2014656941,listing,/25-the-grange-paynesville-vic-3880-2014656941,450000,is-sold,Sold by private treaty 03 Jan 2019,20190103,25 The Grange,PAYNESVILLE,VIC,3880,-37.907074,147.714844,4,4,4,House,House,False,730.0,m2,False
2014659822,listing,/22-vaughan-street-paynesville-vic-3880-2014659822,239000,is-sold,Sold by private treaty 14 Dec 2018,20181214,22 Vaughan Street,PAYNESVILLE,VIC,3880,-37.9103928,147.717621,2,2,2,House,House,False,0.0,m2,False
2014701165,listing,/1-admirals-quay-paynesville-vic-3880-2014701165,179000,is-sold,Sold by private treaty 07 Dec 2018,20181207,1 Admirals Quay,PAYNESVILLE,VIC,3880,-37.90773,147.723969,NaN,NaN,NaN,VacantLand,Vacant land,False,966.0,m2,False
2014704969,listing,/17-fourth-avenue-raymond-island-vic-3880-2014704969,287000,is-sold,Sold by private treaty 16 Jan 2019,20190116,17 Fourth Avenue,RAYMOND ISLAND,VIC,3880,-37.92521,147.726181,3,3,3,House,House,False,1012.0,m2,False
2014705269,listing,/11-19-mitchell-st-paynesville-vic-3880-2014705269,390000,is-sold,Sold by private treaty 07 Jan 2019,20190107,11/19 Mitchell St,PAYNESVILLE,VIC,3880,-37.9150658,147.725281,3,3,3,ApartmentUnitFlat,Apartment / Unit / Flat,False,108.0,m2,False
2014784915,listing,/4-government-road-paynesville-vic-3880-2014784915,315000,is-sold,Sold by private treaty 06 Dec 2018,20181206,4 Government Road,PAYNESVILLE,VIC,3880,-37.90427,147.727112,4,4,4,House,House,False,537.0,m2,False
2014830703,listing,/3-103-main-road-paynesville-vic-3880-2014830703,195000,is-sold,Sold by private treaty 21 Dec 2018,20181221,3/103 Main Road,PAYNESVILLE,VIC,3880,-37.90912,147.720276,2,2,2,ApartmentUnitFlat,Apartment / Unit / Flat,False,162.0,m2,False
2014840258,listing,/11-reynolds-st-paynesville-vic-3880-2014840258,229000,is-sold,Sold by private treaty 18 Jan 2019,20190118,11 Reynolds St,PAYNESVILLE,VIC,3880,-37.91745,147.715439,2,2,2,House,House,False,1012.0,m2,False
2014844971,listing,/9-queen-street-paynesville-vic-3880-2014844971,347000,is-sold,Sold by private treaty 14 Jan 2019,20190114,9 Queen Street,PAYNESVILLE,VIC,3880,-37.9166,147.712326,3,3,3,House,House,False,815.0,m2,False
2017973383,listing,/8-jim-way-paynesville-vic-3880-2017973383,295000,is-sold,Sold by private treaty 02 Jan 2019,20190102,8 Jim Way,PAYNESVILLE,VIC,3880,-37.9064865,147.707443,3,3,3,House,House,False,0.0,m2,False
2012122211,listing,/7-wellington-st-paynesville-vic-3880-2012122211,Price Withheld,is-sold,Sold by private treaty 25 Oct 2018,20181025,7 Wellington St,PAYNESVILLE,VIC,3880,-37.918026,147.72142,2,2,2,House,House,False,0.0,m2,False
2012940114,listing,/9-waterloo-court-paynesville-vic-3880-2012940114,997000,is-sold,Sold by private treaty 24 Oct 2018,20181024,9 Waterloo Court,PAYNESVILLE,VIC,3880,-37.91415,147.724014,3,3,3,House,House,False,748.0,m2,False
2013117852,listing,/lot-1-25-wellington-street-paynesville-vic-3880-2013117852,Price Withheld,is-sold,Sold by private treaty 01 Nov 2018,20181101,"Lot 1, 25 Wellington Street",PAYNESVILLE,VIC,3880,-37.9162636,147.722,NaN,NaN,NaN,VacantLand,Vacant land,False,1243.0,m2,False
2013308700,listing,/23-gravelly-point-road-raymond-island-vic-3880-2013308700,335000,is-sold,Sold by private treaty 31 Oct 2018,20181031,23 Gravelly Point Road,RAYMOND ISLAND,VIC,3880,-37.91253,147.734283,NaN,NaN,NaN,VacantLand,Vacant land,False,8958.0,m2,False
2013965016,listing,/lot-8-17-haylock-drive-paynesville-vic-3880-2013965016,Price Withheld,is-sold,Sold by private treaty 09 Nov 2018,20181109,Lot 8 17 Haylock Drive,PAYNESVILLE,VIC,3880,-37.92155,147.7573,NaN,NaN,NaN,VacantLand,Vacant land,False,821.0,m2,False
2013981185,listing,/23-2-8-victoria-street-paynesville-vic-3880-2013981185,270000,is-sold,Sold by private treaty 01 Dec 2018,20181201,23/2-8 Victoria Street,PAYNESVILLE,VIC,3880,-37.9175072,147.7255,2,2,2,ApartmentUnitFlat,Apartment / Unit / Flat,False,0.0,m2,False
2014051428,listing,/9-kellina-court-paynesville-vic-3880-2014051428,945000,is-sold,Sold by private treaty 25 Oct 2018,20181025,9 Kellina Court,PAYNESVILLE,VIC,3880,-37.91638,147.692032,3,3,3,House,House,False,691.0,m2,False
2014227100,listing,/townhouse-2-30-aquarius-way-paynesville-vic-3880-2014227100,Price Withheld,is-sold,Sold by private treaty 02 Dec 2018,20181202,Townhouse 2/30 Aquarius Way,PAYNESVILLE,VIC,3880,-37.91294,147.725235,4,4,4,Townhouse,Townhouse,False,444.0,m2,False
2014576544,listing,/50-wellington-street-paynesville-vic-3880-2014576544,250000,is-sold,Sold by private treaty 24 Oct 2018,20181024,50 Wellington Street,PAYNESVILLE,VIC,3880,-37.9143944,147.722961,3,3,3,House,House,False,745.0,m2,False
2014627262,listing,/69-wellington-street-paynesville-vic-3880-2014627262,880000,is-sold,Sold by private treaty 30 Oct 2018,20181030,69 Wellington Street,PAYNESVILLE,VIC,3880,-37.91206,147.723846,3,3,3,House,House,False,711.0,m2,False
2014637363,listing,/35-paynesville-road-paynesville-vic-3880-2014637363,123000,is-sold,Sold by private treaty 04 Dec 2018,20181204,35 Paynesville Road,PAYNESVILLE,VIC,3880,-37.90711,147.7159,NaN,NaN,NaN,VacantLand,Vacant land,False,1012.0,m2,False
2014682051,listing,/4-simpson-st-paynesville-vic-3880-2014682051,287000,is-sold,Sold by private treaty 30 Oct 2018,20181030,4 Simpson St,PAYNESVILLE,VIC,3880,-37.9168129,147.714767,4,4,4,House,House,False,1012.0,m2,False
2014688588,listing,/30-currawong-cl-raymond-island-vic-3880-2014688588,385000,is-sold,Sold by private treaty 02 Nov 2018,20181102,30 Currawong Cl,RAYMOND ISLAND,VIC,3880,-37.91638,147.731888,3,3,3,House,House,False,0.0,m2,False
2014701962,listing,/site-67-4-14-gilsenan-street-paynesville-vic-3880-2014701962,Price Withheld,is-sold,Sold by private treaty 14 Nov 2018,20181114,Site 67/4-14 Gilsenan Street,PAYNESVILLE,VIC,3880,-37.91785,147.714142,2,2,2,ApartmentUnitFlat,Apartment / Unit / Flat,False,0.0,m2,False
2014726881,listing,/7-mcmillan-grove-paynesville-vic-3880-2014726881,310000,is-sold,Sold by private treaty 09 Nov 2018,20181109,7 McMillan Grove,PAYNESVILLE,VIC,3880,-37.90408,147.727631,4,4,4,House,House,False,598.0,m2,False
2014763001,listing,/32-william-street-paynesville-vic-3880-2014763001,265000,is-sold,Sold by private treaty 21 Nov 2018,20181121,32 William Street,PAYNESVILLE,VIC,3880,-37.90989,147.716614,4,4,4,House,House,False,870.0,m2,False
2014767250,listing,/3-mara-cl-paynesville-vic-3880-2014767250,365000,is-sold,Sold by private treaty 03 Dec 2018,20181203,3 Mara Cl,PAYNESVILLE,VIC,3880,-37.9157448,147.711914,3,3,3,House,House,False,0.0,m2,False
2014774608,listing,/10-reynolds-street-paynesville-vic-3880-2014774608,353000,is-sold,Sold by private treaty 24 Nov 2018,20181124,10 Reynolds Street,PAYNESVILLE,VIC,3880,-37.9171562,147.715927,3,3,3,House,House,False,753.0,m2,False
2014786332,listing,/38-fullarton-dr-paynesville-vic-3880-2014786332,385000,is-sold,Sold by private treaty 06 Dec 2018,20181206,38 Fullarton Dr,PAYNESVILLE,VIC,3880,-37.9038162,147.715286,3,3,3,House,House,False,0.0,m2,False
2017973411,listing,/35-paynesville-road-paynesville-vic-3880-2017973411,123000,is-sold,Sold by private treaty 04 Dec 2018,20181204,35 Paynesville Road,PAYNESVILLE,VIC,3880,-37.90711,147.7159,NaN,NaN,NaN,VacantLand,Vacant land,False,1012.0,m2,False
2013949741,listing,/28-palm-avenue-paynesville-vic-3880-2013949741,92000,is-sold,Sold by private treaty 03 Sep 2018,20180903,28 Palm Avenue,PAYNESVILLE,VIC,3880,-37.9035378,147.711639,3,3,3,House,House,False,0.0,m2,False
2014066316,listing,/39-mcmillan-grove-paynesville-vic-3880-2014066316,Price Withheld,is-sold,Sold by private treaty 27 Sep 2018,20180927,39 McMillan Grove,PAYNESVILLE,VIC,3880,-37.90472,147.7299,3,3,3,House,House,False,519.0,m2,False
2014280250,listing,/134-newlands-drive-paynesville-vic-3880-2014280250,Price Withheld,is-sold,Sold by private treaty 26 Sep 2018,20180926,134 Newlands Drive,PAYNESVILLE,VIC,3880,-37.9157257,147.703827,2,2,2,House,House,False,1151.0,m2,False
2014379982,listing,/25-1-5-canal-road-paynesville-vic-3880-2014379982,304000,is-sold,Sold by private treaty 10 Oct 2018,20181010,25/1-5 Canal Road,PAYNESVILLE,VIC,3880,-37.9074936,147.721832,2,2,2,House,House,False,197.0,m2,False
2014391986,listing,/lot-11-25-haylock-drive-paynesville-vic-3880-2014391986,115000,is-sold,Sold by private treaty 10 Sep 2018,20180910,"Lot 11, 25 Haylock Drive",PAYNESVILLE,VIC,3880,-37.92155,147.7573,NaN,NaN,NaN,VacantLand,Vacant land,False,767.0,m2,False
2014441538,listing,/125-western-boulevard-raymond-island-vic-3880-2014441538,715000,is-sold,Sold by private treaty 04 Oct 2018,20181004,125 Western Boulevard,RAYMOND ISLAND,VIC,3880,-37.91113,147.732315,4,4,4,House,House,False,1032.0,m2,False
2014449283,listing,/lot-12-haylock-drive-paynesville-vic-3880-2014449283,Price Withheld,is-sold,Sold by private treaty 11 Sep 2018,20180911,Lot 12 Haylock Drive,PAYNESVILLE,VIC,3880,-37.91126,147.712326,NaN,NaN,NaN,VacantLand,Vacant land,False,767.0,m2,False
2014475746,listing,/30-schooner-tce-paynesville-vic-3880-2014475746,875000,is-sold,Sold by private treaty 03 Sep 2018,20180903,30 Schooner Tce,PAYNESVILLE,VIC,3880,-37.9107628,147.723434,4,4,4,House,House,False,1129.0,m2,False
2014483633,listing,/10-rex-street-paynesville-vic-3880-2014483633,450000,is-sold,Sold by private treaty 03 Oct 2018,20181003,10 Rex Street,PAYNESVILLE,VIC,3880,-37.91567,147.714569,4,4,4,House,House,False,1213.0,m2,False
2014561245,listing,/8-queen-st-paynesville-vic-3880-2014561245,355000,is-sold,Sold by private treaty 05 Oct 2018,20181005,8 Queen St,PAYNESVILLE,VIC,3880,-37.9167061,147.712769,3,3,3,House,House,False,870.0,m2,False
2014562835,listing,/3-tambo-avenue-paynesville-vic-3880-2014562835,310000,is-sold,Sold by private treaty 04 Oct 2018,20181004,3 Tambo Avenue,PAYNESVILLE,VIC,3880,-37.90545,147.7271,3,3,3,House,House,False,670.0,m2,False
2014610837,listing,/1-80-wellington-street-paynesville-vic-3880-2014610837,835000,is-sold,Sold by private treaty 25 Sep 2018,20180925,1/80 Wellington Street,PAYNESVILLE,VIC,3880,-37.911808,147.724167,4,4,4,House,House,False,0.0,m2,False
2014619917,listing,/80-ashley-street-paynesville-vic-3880-2014619917,355000,is-sold,Sold by private treaty 27 Sep 2018,20180927,80 Ashley Street,PAYNESVILLE,VIC,3880,-37.91007,147.711838,3,3,3,House,House,False,1018.0,m2,False
2014636363,listing,/3-119-langford-parade-paynesville-vic-3880-2014636363,313000,is-sold,Sold by private treaty 19 Oct 2018,20181019,3/119 Langford Parade,PAYNESVILLE,VIC,3880,-37.90848,147.721786,3,3,3,ApartmentUnitFlat,Apartment / Unit / Flat,False,206.0,m2,False
2014637290,listing,/2-the-grange-paynesville-vic-3880-2014637290,Price Withheld,is-sold,Sold by private treaty 25 Sep 2018,20180925,2 The Grange,PAYNESVILLE,VIC,3880,-37.9070168,147.715546,4,4,4,House,House,False,0.0,m2,False
2014683163,listing,/10-sheerwater-terrace-paynesville-vic-3880-2014683163,746500,is-sold,Sold by private treaty 12 Oct 2018,20181012,10 Sheerwater Terrace,PAYNESVILLE,VIC,3880,-37.9122,147.721954,4,4,4,House,House,False,1151.0,m2,False
2014705086,listing,/13-lindemann-retreat-paynesville-vic-3880-2014705086,415000,is-sold,Sold by private treaty 22 Oct 2018,20181022,13 Lindemann Retreat,PAYNESVILLE,VIC,3880,-37.90794,147.71669,3,3,3,House,House,False,0.0,m2,False
2016464639,listing,/183-185-newlands-drive-paynesville-vic-3880-2016464639,840000,is-sold,Sold by private treaty 19 Sep 2018,20180919,183-185 Newlands Drive,PAYNESVILLE,VIC,3880,-37.9154434,147.695831,3,3,3,House,House,False,2385.0,m2,False
2017973381,listing,/1-80-wellington-street-paynesville-vic-3880-2017973381,835000,is-sold,Sold by private treaty 25 Sep 2018,20180925,1/80 Wellington Street,PAYNESVILLE,VIC,3880,-37.91191,147.7241,4,4,4,House,House,False,0.0,m2,False
2017973414,listing,/2-the-grange-paynesville-vic-3880-2017973414,Price Withheld,is-sold,Sold by private treaty 25 Sep 2018,20180925,2 The Grange,PAYNESVILLE,VIC,3880,-37.9070168,147.715546,4,4,4,House,House,False,0.0,m2,False
2013705542,listing,/221-western-boulevard-raymond-island-vic-3880-2013705542,565000,is-sold,Sold by private treaty 24 Jul 2018,20180724,221 Western Boulevard,RAYMOND ISLAND,VIC,3880,-37.9054832,147.7382,3,3,3,House,House,False,613.0,m2,False
2013784356,listing,/19a-19b-bishop-view-paynesville-vic-3880-2013784356,Price Withheld,is-sold,Sold by private treaty 06 Aug 2018,20180806,19A & 19B Bishop View,PAYNESVILLE,VIC,3880,-37.92155,147.7573,NaN,NaN,NaN,VacantLand,Vacant land,False,929.0,m2,False
2013984299,listing,/2-kellina-court-paynesville-vic-3880-2013984299,465000,is-sold,Sold by private treaty 27 Jul 2018,20180727,2 Kellina Court,PAYNESVILLE,VIC,3880,-37.91551,147.692963,3,3,3,House,House,False,0.0,m2,False
2014102042,listing,/57-langford-parade-paynesville-vic-3880-2014102042,105000,is-sold,Sold by private treaty 14 Aug 2018,20180814,57 Langford Parade,PAYNESVILLE,VIC,3880,-37.9140663,147.720474,NaN,NaN,NaN,VacantLand,Vacant land,False,600.0,m2,False
2014222001,listing,/129b-newlands-drive-paynesville-vic-3880-2014222001,670000,is-sold,Sold by private treaty 01 Aug 2018,20180801,129B Newlands Drive,PAYNESVILLE,VIC,3880,-37.91602,147.703613,3,3,3,House,House,False,1491.0,m2,False
2014270658,listing,/20-mcmillan-grove-paynesville-vic-3880-2014270658,410000,is-sold,Sold by private treaty 25 Aug 2018,20180825,20 McMillan Grove,PAYNESVILLE,VIC,3880,-37.9042549,147.729462,4,4,4,House,House,False,685.0,m2,False
2014275854,listing,/1a-rex-street-paynesville-vic-3880-2014275854,Price Withheld,is-sold,Sold by private treaty 30 Aug 2018,20180830,1A Rex Street,PAYNESVILLE,VIC,3880,-37.91612,147.715363,3,3,3,House,House,False,380.0,m2,False
2014291547,listing,/25-tea-tree-lane-raymond-island-vic-3880-2014291547,340000,is-sold,Sold by private treaty 14 Aug 2018,20180814,25 Tea Tree Lane,RAYMOND ISLAND,VIC,3880,-37.8968468,147.769928,NaN,NaN,NaN,VacantLand,Vacant land,True,7.69,ha,False
2014316572,listing,/6-jacaranda-drive-paynesville-vic-3880-2014316572,149000,is-sold,Sold by private treaty 19 Jul 2018,20180719,6 Jacaranda Drive,PAYNESVILLE,VIC,3880,-37.9053154,147.715286,NaN,NaN,NaN,VacantLand,Vacant land,False,906.0,m2,False
2014382391,listing,/72a-ashley-street-paynesville-vic-3880-2014382391,67000,is-sold,Sold by private treaty 31 Jul 2018,20180731,72A Ashley Street,PAYNESVILLE,VIC,3880,-37.91007,147.711838,NaN,NaN,NaN,VacantLand,Vacant land,False,475.0,m2,False
2014389226,listing,/36-wellington-st-paynesville-vic-3880-2014389226,430000,is-sold,Sold by private treaty 14 Aug 2018,20180814,36 Wellington St,PAYNESVILLE,VIC,3880,-37.9157753,147.722534,3,3,3,House,House,False,0.0,m2,False
2014407441,listing,/23-fort-king-road-paynesville-vic-3880-2014407441,500000,is-sold,Sold by private treaty 17 Jul 2018,20180717,23 Fort King Road,PAYNESVILLE,VIC,3880,-37.906086,147.722778,3,3,3,House,House,False,672.0,m2,False
2014422658,listing,/4-milton-avenue-paynesville-vic-3880-2014422658,275000,is-sold,Sold by private treaty 28 Aug 2018,20180828,4 Milton Avenue,PAYNESVILLE,VIC,3880,-37.90478,147.727173,2,2,2,House,House,False,603.0,m2,False
2014470800,listing,/site-78-4-14-gilsenan-street-paynesville-vic-3880-2014470800,Price Withheld,is-sold,Sold by private treaty 01 Sep 2018,20180901,Site 78/4-14 Gilsenan Street,PAYNESVILLE,VIC,3880,-37.91785,147.714142,2,2,2,ApartmentUnitFlat,Apartment / Unit / Flat,False,0.0,m2,False
2014485739,listing,/29-sixth-avenue-raymond-island-vic-3880-2014485739,255000,is-sold,Sold by private treaty 20 Jul 2018,20180720,29 Sixth Avenue,RAYMOND ISLAND,VIC,3880,-37.9236,147.726959,2,2,2,House,House,False,812.0,m2,False
2014490954,listing,/40-sanctuary-court-raymond-island-vic-3880-2014490954,775000,is-sold,Sold by private treaty 22 Jul 2018,20180722,40 Sanctuary Court,RAYMOND ISLAND,VIC,3880,-37.8999252,147.773544,3,3,3,House,House,True,1.19,ha,False
2014502602,listing,/18-jim-way-paynesville-vic-3880-2014502602,415000,is-sold,Sold by private treaty 16 Aug 2018,20180816,18 Jim Way,PAYNESVILLE,VIC,3880,-37.9070854,147.707138,3,3,3,House,House,False,630.0,m2,False
2014505165,listing,/4-magnetic-retreat-paynesville-vic-3880-2014505165,449500,is-sold,Sold by private treaty 09 Aug 2018,20180809,4 Magnetic Retreat,PAYNESVILLE,VIC,3880,-37.9056778,147.723511,4,4,4,House,House,False,641.0,m2,False
2016313062,listing,/20-haylock-drive-paynesville-vic-3880-2016313062,116000,is-sold,Sold by private treaty 26 Jul 2018,20180726,20 Haylock Drive,PAYNESVILLE,VIC,3880,-37.91126,147.712326,NaN,NaN,NaN,VacantLand,Vacant land,False,800.0,m2,False
2016682980,listing,/3-langford-parade-paynesville-vic-3880-2016682980,495000,is-sold,Sold by private treaty 06 Aug 2018,20180806,3 Langford Parade,PAYNESVILLE,VIC,3880,-37.9188347,147.71936,3,3,3,House,House,False,570.0,m2,False
2012080792,listing,/lot-1-ocean-grange-boole-poole-vic-3880-2012080792,Price Withheld,is-sold,Sold by private treaty 16 Jul 2018,20180716,Lot 1 Ocean Grange,BOOLE POOLE,VIC,3880,-37.9743958,147.74588,8,8,8,House,House,False,0.0,m2,False
2013309600,listing,/1-30-queen-street-paynesville-vic-3880-2013309600,265000,is-sold,Sold by private treaty 22 Jun 2018,20180622,1/30 Queen Street,PAYNESVILLE,VIC,3880,-37.9147644,147.713577,2,2,2,ApartmentUnitFlat,Apartment / Unit / Flat,False,0.0,m2,False
2013683070,listing,/lot-3-haylock-drive-paynesville-vic-3880-2013683070,Price Withheld,is-sold,Sold by private treaty 20 Jun 2018,20180620,Lot 3 Haylock Drive,PAYNESVILLE,VIC,3880,-37.91126,147.712326,NaN,NaN,NaN,VacantLand,Vacant land,False,767.0,m2,False
2013763541,listing,/21-sunset-paynesville-vic-3880-2013763541,Price Withheld,is-sold,Sold by private treaty 22 Jun 2018,20180622,21 Sunset,PAYNESVILLE,VIC,3880,-37.92002,147.716675,4,4,4,House,House,False,927.0,m2,False
2013814716,listing,/62-tenth-avenue-raymond-island-vic-3880-2013814716,440000,is-sold,Sold by private treaty 03 Jul 2018,20180703,62 Tenth Avenue,RAYMOND ISLAND,VIC,3880,-37.920742,147.73,3,3,3,House,House,False,550.0,m2,False
2013989920,listing,/3-8-lewis-place-paynesville-vic-3880-2013989920,140000,is-sold,Sold by private treaty 19 Jun 2018,20180619,3/8 Lewis Place,PAYNESVILLE,VIC,3880,-37.9067039,147.730377,NaN,NaN,NaN,VacantLand,Vacant land,False,451.0,m2,False
2014015478,listing,/37-fullarton-drive-paynesville-vic-3880-2014015478,Price Withheld,is-sold,Sold by private treaty 12 Jul 2018,20180712,37 Fullarton Drive,PAYNESVILLE,VIC,3880,-37.904274,147.715271,3,3,3,House,House,False,887.0,m2,False
2014048877,listing,/76-main-road-paynesville-vic-3880-2014048877,280000,is-sold,Sold by private treaty 15 Jul 2018,20180715,76 Main Road,PAYNESVILLE,VIC,3880,-37.9129333,147.719772,4,4,4,House,House,False,1000.0,m2,False
2014057014,listing,/80-fort-king-road-paynesville-vic-3880-2014057014,1300000,is-sold,Sold by private treaty 27 Jun 2018,20180627,80 Fort King Road,PAYNESVILLE,VIC,3880,-37.9076424,147.730209,5,5,5,House,House,False,1011.0,m2,False
2014133307,listing,/5-digney-street-paynesville-vic-3880-2014133307,297000,is-sold,Sold by private treaty 10 Jul 2018,20180710,5 Digney Street,PAYNESVILLE,VIC,3880,-37.90815,147.70787,4,4,4,House,House,False,939.0,m2,False
2014168097,listing,/26-the-grange-paynesville-vic-3880-2014168097,380000,is-sold,Sold by private treaty 11 Jul 2018,20180711,26 The Grange,PAYNESVILLE,VIC,3880,-37.9070358,147.715134,3,3,3,House,House,False,571.0,m2,False
2014279861,listing,/86a-main-road-paynesville-vic-3880-2014279861,Price Withheld,is-sold,Sold by private treaty 05 Jul 2018,20180705,86A Main Road,PAYNESVILLE,VIC,3880,-37.9118576,147.720032,3,3,3,House,House,False,439.0,m2,False
2014312271,listing,/1-paynesville-road-paynesville-vic-3880-2014312271,235000,is-sold,Sold by private treaty 20 Jun 2018,20180620,1 Paynesville Road,PAYNESVILLE,VIC,3880,-37.9075661,147.720016,3,3,3,House,House,False,659.0,m2,False
2014369821,listing,/14-toonalook-parade-paynesville-vic-3880-2014369821,180000,is-sold,Sold by private treaty 06 Jul 2018,20180706,14 Toonalook Parade,PAYNESVILLE,VIC,3880,-37.91688,147.717575,2,2,2,House,House,False,797.0,m2,False
2014382417,listing,/13-main-road-paynesville-vic-3880-2014382417,525000,is-sold,Sold by private treaty 13 Jul 2018,20180713,13 Main Road,PAYNESVILLE,VIC,3880,-37.918,147.71817,3,3,3,House,House,False,1119.0,m2,False
2014396824,listing,/26-the-crescent-paynesville-vic-3880-2014396824,275000,is-sold,Sold by private treaty 19 Jun 2018,20180619,26 The Crescent,PAYNESVILLE,VIC,3880,-37.9006424,147.710968,3,3,3,House,House,False,500.0,m2,False
2014480052,listing,/2-11-kings-road-paynesville-vic-3880-2014480052,Price Withheld,is-sold,Sold by private treaty 16 Jul 2018,20180716,2/11 Kings Road,PAYNESVILLE,VIC,3880,-37.9056931,147.727539,2,2,2,ApartmentUnitFlat,Apartment / Unit / Flat,False,0.0,m2,False
2014483632,listing,/28-riviera-close-paynesville-vic-3880-2014483632,565000,is-sold,Sold by private treaty 01 Jul 2018,20180701,28 Riviera Close,PAYNESVILLE,VIC,3880,-37.9080429,147.71312,3,3,3,House,House,False,1388.0,m2,False
2017973344,listing,/42a-cumming-street-paynesville-vic-3880-2017973344,Price Withheld,is-sold,Sold by private treaty 19 Jun 2018,20180619,42A Cumming Street,PAYNESVILLE,VIC,3880,-37.908226,147.719666,3,3,3,House,House,False,0.0,m2,False
2017973367,listing,/2-11-kings-road-paynesville-vic-3880-2017973367,Price Withheld,is-sold,Sold by private treaty 16 Jul 2018,20180716,2/11 Kings Road,PAYNESVILLE,VIC,3880,-37.90568,147.727539,2,2,2,ApartmentUnitFlat,Apartment / Unit / Flat,False,0.0,m2,False
2013683072,listing,/lot-25-bishop-view-paynesville-vic-3880-2013683072,Price Withheld,is-sold,Sold by private treaty 01 Jun 2018,20180601,Lot 25 Bishop View,PAYNESVILLE,VIC,3880,-37.90298,147.728745,NaN,NaN,NaN,VacantLand,Vacant land,False,929.0,m2,False
2013784311,listing,/lot-10-haylock-drive-paynesville-vic-3880-2013784311,Price Withheld,is-sold,Sold by private treaty 01 Jun 2018,20180601,Lot 10 Haylock Drive,PAYNESVILLE,VIC,3880,-37.9122,147.710754,NaN,NaN,NaN,VacantLand,Vacant land,False,767.0,m2,False
2013784313,listing,/lot-16a-haylock-drive-paynesville-vic-3880-2013784313,Price Withheld,is-sold,Sold by private treaty 01 Jun 2018,20180601,Lot 16A & Haylock Drive,PAYNESVILLE,VIC,3880,-37.9071,147.7229,NaN,NaN,NaN,VacantLand,Vacant land,False,951.0,m2,False
2013819199,listing,/9-alice-court-paynesville-vic-3880-2013819199,280000,is-sold,Sold by private treaty 15 May 2018,20180515,9 Alice Court,PAYNESVILLE,VIC,3880,-37.9058075,147.707214,4,4,4,House,House,False,776.0,m2,False
2013838369,listing,/lot-5-haylock-drive-paynesville-vic-3880-2013838369,Price Withheld,is-sold,Sold by private treaty 01 Jun 2018,20180601,Lot 5 Haylock Drive,PAYNESVILLE,VIC,3880,-37.9122,147.710754,NaN,NaN,NaN,VacantLand,Vacant land,False,840.0,m2,False
2013838472,listing,/lot-27-bishop-view-paynesville-vic-3880-2013838472,Price Withheld,is-sold,Sold by private treaty 01 Jun 2018,20180601,Lot 27 Bishop View,PAYNESVILLE,VIC,3880,-37.90298,147.728745,NaN,NaN,NaN,VacantLand,Vacant land,False,933.0,m2,False
2013862189,listing,/lot-13-haylock-drive-paynesville-vic-3880-2013862189,Price Withheld,is-sold,Sold by private treaty 01 Jun 2018,20180601,Lot 13 Haylock Drive,PAYNESVILLE,VIC,3880,-37.9122,147.710754,NaN,NaN,NaN,VacantLand,Vacant land,False,767.0,m2,False
2013862259,listing,/lot-17-haylock-drive-paynesville-vic-3880-2013862259,Price Withheld,is-sold,Sold by private treaty 01 Jun 2018,20180601,Lot 17 Haylock Drive,PAYNESVILLE,VIC,3880,-37.9122,147.710754,NaN,NaN,NaN,VacantLand,Vacant land,False,796.0,m2,False
2014046918,listing,/2-1-windjammer-court-paynesville-vic-3880-2014046918,340000,is-sold,Sold by private treaty 14 Jun 2018,20180614,2/1 Windjammer Court,PAYNESVILLE,VIC,3880,-37.9109268,147.7255,2,2,2,ApartmentUnitFlat,Apartment / Unit / Flat,False,0.0,m2,False
2014060235,listing,/11-windermere-terrace-paynesville-vic-3880-2014060235,885000,is-sold,Sold by private treaty 18 Jun 2018,20180618,11 Windermere Terrace,PAYNESVILLE,VIC,3880,-37.9049072,147.720673,4,4,4,House,House,False,926.0,m2,False
2014164249,listing,/62-langford-parade-paynesville-vic-3880-2014164249,440000,is-sold,Sold by private treaty 25 May 2018,20180525,62 Langford Parade,PAYNESVILLE,VIC,3880,-37.9131241,147.721115,4,4,4,House,House,False,541.0,m2,False
2014211120,listing,/10-wisteria-place-paynesville-vic-3880-2014211120,580000,is-sold,Sold by private treaty 21 May 2018,20180521,10 Wisteria Place,PAYNESVILLE,VIC,3880,-37.90332,147.712845,4,4,4,House,House,False,1463.0,m2,False
2014230225,listing,/103-langford-pde-paynesville-vic-3880-2014230225,Price Withheld,is-sold,Sold by private treaty 28 May 2018,20180528,103 Langford Pde,PAYNESVILLE,VIC,3880,-37.90984,147.721466,3,3,3,House,House,False,0.0,m2,False
2014276454,listing,/22-paynesville-road-paynesville-vic-3880-2014276454,Price Withheld,is-sold,Sold by private treaty 17 May 2018,20180517,22 Paynesville Road,PAYNESVILLE,VIC,3880,-37.90667,147.717377,3,3,3,House,House,False,887.0,m2,False
2014325526,listing,/77-fort-king-road-paynesville-vic-3880-2014325526,372000,is-sold,Sold by private treaty 16 May 2018,20180516,77 Fort King Road,PAYNESVILLE,VIC,3880,-37.9070168,147.7298,3,3,3,House,House,False,560.0,m2,False
2014368157,listing,/42a-cumming-street-paynesville-vic-3880-2014368157,Price Withheld,is-sold,Sold by private treaty 19 Jun 2018,20180619,42A Cumming Street,PAYNESVILLE,VIC,3880,-37.908226,147.719467,3,3,3,House,House,False,0.0,m2,False
2014395032,listing,/3-the-moorings-paynesville-vic-3880-2014395032,329000,is-sold,Sold by private treaty 08 Jun 2018,20180608,3 The Moorings,PAYNESVILLE,VIC,3880,-37.91435,147.721619,4,4,4,House,House,False,1000.0,m2,False
2014398756,listing,/35-seventh-parade-raymond-island-vic-3880-2014398756,128900,is-sold,Sold by private treaty 01 Jun 2018,20180601,35 Seventh Parade,RAYMOND ISLAND,VIC,3880,-37.9214,147.73114,NaN,NaN,NaN,VacantLand,Vacant land,False,670.0,m2,False
2014402840,listing,/15-magnetic-retreat-paynesville-vic-3880-2014402840,165000,is-sold,Sold by private treaty 13 Jun 2018,20180613,15 Magnetic Retreat,PAYNESVILLE,VIC,3880,-37.90501,147.723709,NaN,NaN,NaN,VacantLand,Vacant land,False,510.0,m2,False
2017973356,listing,/3-the-moorings-paynesville-vic-3880-2017973356,329000,is-sold,Sold by private treaty 08 Jun 2018,20180608,3 The Moorings,PAYNESVILLE,VIC,3880,-37.91441,147.72139,4,4,4,House,House,False,1000.0,m2,False
